-7 10 7
-5 10 2
-3 9 8
-3 9 9
-5 9 7
-5 7 9
-8 7 3
-7 5 5
-8 5 3
-9 3 8
-10 9 8
-10 9 7
-7 7 3
-7 5 9
-8 5 8
-7 5 5
-7 5 10
-8 5 10
-9 7 10
-8 3 13
-9 3 11
-6 3 12
-6 3 11
-5 5 10
-8 5 10
-8 8 10
-3 7 10
-3 7 8
-1 7 8
-7 9 5
-6 7 5
-6 3 3
-8 5 0
-7 3 1
-7 5 3
-7 8 9
-2 7 7
-4 3 3
-4 3 2
-8 1 0
-7 2 1
-6 1 2
-2 7 2
-5 8 5
-8 7 7
-5 1 5
-7 2 10
-2 7 9
0 3 9
0 1 8
0 0 8
1 2 10
5 5 10
8 9 11
9 8 12
8 5 12
9 9 12
8 10 12
10 10 12
10 11 12
11 12 15
12 15 18
12 17 18
12 18 18
11 15 19
15 12 20
16 12 21
18 15 20
18 13 19
18 15 20
18 15 18
18 12 15
18 10 15
18 10 15
18 10 12
18 10 11
18 9 12
13 8 13
15 7 15
12 7 12
11 5 12
11 0 15
12 -1 18
13 -2 17
15 -5 13
11 -5 13
12 -8 10
15 -9 13
18 -10 18
17 -9 19
17 -9 15
17 -8 18
18 -8 18
18 -5 15
20 -5 15
18 -3 15
17 -2 11
17 0 13
13 0 12
11 0 10
10 0 10
8 0 10
8 0 8
8 0 8
8 0 2
5 0 8
1 2 8
1 3 1
0 6 0
1 5 2
2 8 8
2 10 8
1 12 8
0 13 2
0 18 5
2 20 5
2 20 0
2 22 2
1 23 1
1 23 1
0 22 1
0 20 1
0 20 2
-2 18 3
-2 10 1
0 5 1
0 3 2
0 3 5
2 5 4
1 9 2
2 10 2
2 11 2
2 11 0
2 11 0
0 9 2
1 8 0
1 9 2
1 5 2
1 3 3
0 5 5
0 11 9
1 11 5
1 11 0
0 12 0
1 18 2
2 18 5
2 18 2
2 20 2
2 21 1
0 25 2
0 28 0
0 30 0
1 30 2
0 28 6
0 27 7
1 20 5
2 19 7
2 18 9
0 17 5
2 12 8
2 10 5
2 10 6
2 9 7
2 9 8
2 8 10
2 8 10
2 10 11
1 11 10
0 10 11
0 10 10
0 10 10
0 10 10
2 8 11
2 8 11
2 9 11
1 8 10
2 8 9
0 8 8
0 9 8
0 10 9
0 10 8
0 11 9
0 15 9
0 12 9
0 13 8
0 18 9
0 18 8
0 20 8
0 21 10
0 27 10
0 28 10
0 29 10
0 29 10
0 30 10
0 29 10
0 29 12
0 29 12
0 30 12
0 30 10
0 29 10
0 30 10
0 29 11
0 28 15
0 27 12
0 27 15
0 27 15
0 28 16
0 28 15
1 26 17
0 22 15
0 20 18
1 20 17
1 21 19
1 22 19
0 23 15
1 21 20
2 21 19
3 21 15
2 20 15
2 19 13
2 18 12
2 18 12
1 20 12
2 20 15
1 18 17
2 18 18
5 20 18
5 18 19
1 18 19
0 19 15
0 20 15
0 17 18
0 15 17
0 15 17
-1 15 17
-1 12 17
-1 12 18
0 13 18
0 12 18
0 12 15
0 12 11
0 12 18
1 12 17
3 11 13
3 10 11
5 9 15
6 10 18
8 10 15
9 7 18
8 3 15
8 1 10
7 1 10
3 2 11
1 3 12
0 1 10
0 1 10
0 2 10
0 1 9
0 1 12
0 0 10
0 0 8
0 0 2
0 0 5
0 0 8
0 0 8
0 -1 7
0 -3 10
0 -1 10
-1 0 10
-1 0 10
-1 -2 10
-2 -2 12
-8 0 12
-9 0 11
-9 -1 10
-9 0 11
-9 -2 12
-10 -2 10
-10 -1 12
-11 0 11
-12 0 10
-12 -2 10
-13 -5 12
-12 -3 12
-11 -2 9
-11 -1 7
-10 -1 5
-8 -5 2
-7 -10 1
-8 -10 2
-8 -8 0
-7 -8 0
-5 -10 -2
-8 -10 0
-5 -10 0
-6 -10 0
-3 -13 -1
-2 -13 0
-2 -13 0
-2 -15 0
-1 -19 0
-1 -19 1
-1 -15 -1
-1 -13 -2
-2 -12 -2
-3 -12 -1
-5 -12 0
-5 -11 0
-4 -10 0
-3 -9 0
-2 -10 0
-5 -10 0
-5 -10 0
-3 -12 -1
-3 -12 -1
-3 -18 -2
-2 -20 0
-3 -19 -2
-3 -18 -3
-5 -17 0
-1 -15 -5
-3 -10 -1
-2 -8 0
-2 -5 -2
-3 -3 -1
-2 0 -1
0 0 -1
-1 1 0
-1 2 1
0 0 0
-1 0 -1
0 0 0
0 0 0
0 -1 0
1 -2 -2
0 -3 -2
0 -7 0
0 -10 0
0 -8 -1
0 -10 -2
0 -10 0
0 -10 0
-2 -8 0
-5 -10 0
-5 -8 -1
-7 -10 -2
-9 -10 -1
-10 -10 -5
-10 -11 -1
-9 -11 0
-10 -12 -2
-10 -12 -5
-9 -11 -7
-9 -10 -5
-8 -10 -2
-9 -8 -2
-10 -7 -3
-7 -5 -8
-3 -8 -5
-2 -10 -2
-2 -8 -2
-3 -8 -2
-5 -10 -1
-7 -10 0
-10 -10 0
-9 -10 0
-8 -10 -1
-7 -10 -2
-8 -9 0
-8 -7 0
-9 -5 -2
-2 -7 -1
-5 -7 0
-7 -9 0
-7 -7 3
-9 -9 1
-3 -11 0
-1 -12 0
0 -12 0
0 -15 2
-1 -12 2
-1 -10 2
-2 -9 3
0 -9 2
-1 -9 2
-1 -10 5
-3 -7 3
-1 -7 5
-2 -8 3
-5 -10 3
-5 -11 8
-8 -11 3
-10 -10 0
-10 -11 1
-8 -11 1
-7 -10 1
-2 -10 2
-3 -11 9
-7 -11 7
-8 -11 5
-6 -18 1
-6 -12 0
-8 -12 0
-8 -12 0
-8 -12 0
-7 -12 0
-2 -12 -1
0 -11 -2
0 -11 0
0 -10 -1
0 -10 -8
-2 -10 -9
-2 -5 -8
-3 -3 -10
-5 -5 -10
-2 -2 -10
-2 0 -10
-3 0 -7
-7 0 -8
-9 0 -5
-10 0 -5
-7 1 -9
-7 2 -10
-8 0 -10
-9 2 -5
-7 3 -2
-9 2 -1
-10 2 -1
-10 0 -1
-9 2 0
-8 2 -1
-8 3 -5
-8 2 -1
-8 2 -7
-8 0 -10
-8 -1 -10
-8 -1 -8
-8 0 -8
-8 0 -2
-10 1 -2
-10 0 -1
-8 0 -1
-2 0 0
-4 0 -2
-7 1 0
-7 0 0
-5 0 0
-5 0 0
-3 0 0
0 0 -2
0 -1 -5
0 -1 0
0 0 0
0 0 2
-1 0 3
0 0 5
0 0 2
0 0 1
0 0 5
0 0 8
0 0 11
0 1 12
0 0 13
0 1 15
0 2 13
0 5 15
1 3 11
3 5 10
1 0 11
2 0 10
3 1 10
3 0 11
5 0 12
5 0 12
8 1 18
8 -1 18
5 -11 19
5 -12 19
8 -18 17
8 -17 17
8 -11 18
3 -12 18
2 -12 18
1 -18 13
8 -12 13
5 -11 18
5 -10 20
2 -12 18
5 -10 18
2 -9 13
3 -9 12
5 -7 13
7 -3 18
8 0 20
7 0 20
2 -2 17
2 -2 12
1 -3 13
0 -5 16
2 -2 18
1 -2 15
2 -2 16
2 -5 18
1 -6 13
2 -4 12
5 -10 11
3 -10 11
3 -10 11
8 -11 11
5 -8 9
5 -8 8
5 -8 10
7 -8 10
7 -7 9
8 -2 10
8 -2 9
7 -2 10
5 -1 9
5 0 9
5 8 9
8 11 6
8 12 5
8 13 8
8 14 8
8 15 10
9 12 10
10 12 8
10 13 3
10 18 1
10 20 0
10 20 1
9 19 2
10 21 8
10 20 10
10 20 10
9 20 11
8 18 7
3 17 5
2 18 8
1 19 8
0 18 9
1 17 10
0 13 10
0 9 10
1 4 12
2 8 15
0 5 18
1 5 21
0 0 21
0 0 19
0 0 20
0 0 20
0 0 20
0 0 20
0 0 19
0 0 19
-1 0 20
-3 0 18
-7 0 17
-7 7 18
-6 8 18
-5 8 18
-3 8 18
-2 10 15
-2 12 18
-2 10 13
0 9 9
0 10 10
0 10 9
0 10 5
-2 8 5
-2 8 7
0 8 2
0 11 0
0 11 0
0 12 1
0 13 3
0 18 4
0 19 8
0 18 9
0 18 6
-2 18 8
-2 18 9
0 18 10
-1 15 10
-1 12 11
-1 12 12
-1 9 10
-3 8 6
-2 8 5
-1 8 3
-1 5 0
-2 8 0
-1 8 -2
0 9 -7
0 9 -5
0 10 -2
1 18 -7
0 15 -9
1 13 -8
1 10 -8
0 10 -2
0 12 0
0 9 0
0 8 1
0 5 1
1 2 1
0 2 2
-2 3 0
-5 5 2
-5 10 0
-5 10 0
-7 8 -1
-7 8 -5
-7 9 -9
-7 11 -8
-5 11 -3
-3 13 -3
-3 18 -2
0 25 -5
0 28 -2
0 29 0
0 29 1
0 32 8
1 33 10
1 41 18
5 43 19
5 40 20
6 40 20
6 35 19
2 32 33
1 30 38
1 33 39
2 39 39
1 39 38
1 39 35
0 32 29
0 30 29
0 28 25
0 26 28
0 25 30
-1 22 27
-1 18 20
-2 15 18
-2 18 10
-2 17 9
-2 22 3
-1 28 0
0 27 -7
0 28 -10
0 23 -7
0 22 -7
0 20 -7
0 27 2
0 22 8
0 17 0
-9 9 8
-10 3 2
-10 0 5
-13 -3 8
-19 -6 8
-18 -12 0
-20 -25 -10
-28 -30 -12
-31 -31 -17
-32 -42 -22
-36 -43 -29
-39 -51 -41
-40 -56 -52
-40 -55 -55
-38 -52 -55
-37 -50 -59
-32 -48 -67
-32 -43 -67
-29 -42 -69
-27 -40 -70
-26 -37 -69
-22 -28 -63
-19 -22 -51
-18 -22 -49
-16 -18 -48
-11 -18 -41
-15 -18 -38
-17 -22 -30
-15 -20 -22
-20 -21 -12
-21 -22 -3
-27 -30 2
-28 -29 0
-29 -28 2
-32 -30 1
-32 -40 1
-33 -39 1
-32 -30 -5
-30 -28 -10
-28 -27 -9
-18 -22 -9
-19 -20 -19
-18 -18 -20
-15 -8 -10
-13 0 0
-11 0 2
-3 0 1
0 -3 2
-1 0 8
0 -1 23
0 -3 38
0 -10 42
0 -18 59
0 -18 55
0 -18 62
0 -21 58
0 -28 53
0 -20 55
2 -20 50
2 -26 41
0 -32 45
0 -32 42
0 -31 32
0 -40 35
-3 -42 39
-7 -49 31
-7 -41 28
-2 -31 21
0 -19 20
2 -17 18
3 -11 10
5 -5 0
8 0 1
11 15 18
18 22 30
28 23 41
22 20 40
22 22 45
23 27 59
27 22 70
22 16 89
18 16 96
13 10 89
10 10 90
10 8 100
11 8 95
12 6 79
10 2 70
9 0 68
8 0 60
5 0 58
2 0 58
3 10 60
8 12 55
8 12 49
10 13 49
9 8 47
8 0 41
7 0 49
3 -1 58
1 -11 58
0 -21 53
-1 -23 45
-5 -25 38
-7 -31 32
-9 -45 27
-11 -58 15
-20 -60 0
-21 -60 -10
-22 -52 -18
-18 -58 -18
-20 -65 -30
-20 -72 -41
-23 -68 -58
-27 -61 -58
-22 -59 -57
-23 -49 -49
-20 -21 -52
-7 -3 -58
0 -20 -62
-3 0 -49
7 15 -42
12 30 -42
19 52 -19
28 80 23
45 108 25
57 68 19
38 72 52
39 72 65
35 59 72
25 43 108
15 32 155
10 45 150
12 51 102
22 60 113
18 42 89
8 27 60
0 12 37
-5 -5 45
-17 -30 60
-32 -57 78
-47 -59 58
-45 -68 21
-47 -75 0
-49 -82 -22
-51 -83 -45
-50 -88 -80
-51 -90 -99
-52 -91 -99
-53 -89 -99
-51 -80 -102
-50 -80 -102
-50 -83 -105
-51 -99 -110
-61 -112 -115
-70 -118 -116
-71 -110 -102
-69 -100 -100
-65 -107 -99
-71 -112 -100
-78 -118 -125
-81 -115 -131
-81 -100 -120
-77 -82 -110
-62 -72 -100
-58 -80 -108
-61 -80 -111
-58 -83 -111
-55 -62 -105
-49 -50 -70
-40 -35 -51
-25 -22 -43
-19 -30 -54
-21 -37 -47
-25 -31 -42
-22 -32 -19
-22 -30 12
-20 -20 28
-11 7 29
3 70 17
35 95 18
47 65 22
40 85 12
50 108 35
58 99 57
51 93 110
43 71 180
38 85 150
39 108 150
48 95 180
38 80 185
32 87 158
35 60 140
25 58 130
21 58 155
19 39 155
13 30 130
8 20 138
10 25 100
18 35 92
21 45 83
25 38 70
23 49 40
31 63 30
39 78 30
49 88 43
48 82 60
41 78 47
31 78 53
29 63 68
21 40 85
15 20 103
8 9 108
8 18 99
10 30 79
20 48 80
20 48 39
19 52 20
20 50 0
20 45 0
20 40 18
17 40 49
9 30 60
5 19 49
0 7 58
-1 0 43
-1 -6 39
-5 -21 32
-11 -30 23
-18 -31 10
-19 -31 -10
-18 -40 -20
-25 -47 -20
-32 -45 -32
-31 -52 -41
-30 -55 -51
-30 -48 -51
-28 -39 -53
-28 -43 -78
-30 -48 -75
-32 -55 -72
-32 -51 -79
-32 -50 -70
-31 -50 -55
-31 -58 -55
-35 -62 -61
-39 -61 -71
-35 -55 -71
-27 -39 -61
-15 -30 -60
-8 -20 -61
-8 -15 -68
1 0 -69
10 5 -59
10 8 -43
15 29 -17
25 45 0
28 38 8
20 38 20
20 37 30
20 30 32
20 25 45
21 28 75
21 29 81
22 29 68
23 31 70
22 30 62
22 32 59
21 38 49
22 40 43
18 35 48
18 35 45
18 27 41
11 7 38
7 5 43
2 2 43
1 0 42
-1 0 40
0 0 39
0 0 11
0 -1 -6
0 -10 -3
0 -10 -8
0 -11 -2
0 -12 -1
-2 -20 -2
-7 -20 -9
-8 -20 -18
-9 -20 -21
-11 -19 -25
-11 -18 -27
-11 -19 -35
-10 -20 -38
-12 -21 -38
-11 -29 -32
-12 -30 -39
-12 -25 -32
-10 -18 -31
-12 -20 -30
-9 -15 -33
-7 -10 -40
-3 -7 -50
0 -1 -43
3 0 -38
10 10 -48
11 8 -21
12 5 -12
11 2 -7
11 0 0
9 -1 10
8 -7 25
9 -10 29
1 -11 23
0 -9 21
0 -10 18
-5 -10 8
-10 -10 8
-10 -10 2
-10 -11 0
-18 -22 1
-19 -25 2
-21 -30 2
-21 -30 0
-27 -30 10
-21 -30 8
-20 -29 0
-20 -20 -10
-12 -25 -15
-10 -29 -20
-10 -29 -21
-11 -30 -30
-18 -32 -29
-20 -38 -21
-21 -38 -20
-21 -38 -20
-20 -38 -19
-20 -35 -19
-20 -35 -25
-22 -32 -31
-21 -31 -30
-20 -31 -28
-18 -30 -21
-18 -29 -21
-17 -28 -22
-19 -25 -25
-21 -22 -22
-19 -21 -20
-10 -20 -21
-9 -18 -17
-11 -12 -10
-10 -12 -10
-10 -11 -3
-12 -20 -5
-17 -23 -9
-20 -31 -8
-20 -30 0
-20 -32 2
-19 -32 0
-17 -35 -1
-17 -35 -8
-11 -40 -11
-11 -41 -12
-11 -40 -15
-11 -37 -15
-11 -30 -20
-9 -21 -18
-1 -17 -20
0 -12 -18
0 -11 -20
2 -5 -20
8 -3 -18
10 0 -7
10 9 0
11 11 9
18 18 18
22 25 23
25 33 28
30 35 30
30 35 32
30 35 43
32 30 51
32 30 58
32 25 62
30 28 68
30 28 68
30 30 65
29 30 62
25 30 50
25 30 49
28 32 45
28 28 45
25 25 41
22 29 41
20 25 42
20 28 41
21 25 39
22 28 35
20 30 28
19 31 28
19 30 28
18 31 27
20 38 25
21 40 28
22 42 28
23 40 30
25 37 29
23 35 30
21 32 30
20 30 30
18 28 29
13 28 29
12 28 22
9 28 17
9 27 18
8 28 15
9 28 11
7 28 7
3 29 3
8 27 3
10 20 11
8 18 9
3 20 7
1 19 0
1 18 1
2 18 3
5 18 2
1 22 0
1 23 -1
1 17 -8
0 15 -1
-2 14 0
-3 14 0
-3 13 0
0 15 7
0 18 3
0 21 1
0 23 2
2 25 0
3 23 0
5 23 0
8 27 0
10 23 1
10 23 0
11 21 2
15 21 0
14 22 2
10 19 5
8 15 2
8 10 1
5 10 2
1 9 1
0 10 0
0 11 -2
0 15 -10
0 15 -10
0 11 -7
2 13 -7
8 18 -1
11 20 0
12 20 0
13 21 5
11 19 9
11 18 8
10 18 10
8 20 11
0 18 13
-7 12 15
-10 11 11
-11 10 10
-12 8 10
-10 8 10
-12 8 10
-11 9 7
-10 5 3
-10 2 0
-9 5 -1
-2 8 -1
-2 9 0
0 10 1
0 12 0
2 13 0
10 11 1
12 5 2
10 5 8
10 2 10
10 1 10
10 0 11
10 0 12
10 0 7
9 1 0
9 1 2
8 8 0
9 5 0
8 1 0
8 0 0
7 0 0
3 0 1
3 0 8
3 0 9
3 0 9
3 0 7
11 3 9
12 8 5
18 8 2
18 8 3
18 8 5
15 8 11
18 8 12
15 7 16
12 1 21
5 0 23
0 -1 23
-2 -5 23
0 -10 25
-2 -17 18
-5 -11 17
-5 -12 10
-8 -12 7
-10 -18 0
-12 -12 -3
-22 -12 -9
-27 -13 -8
-18 -15 -8
-7 -10 -7
0 -5 -8
0 -2 -7
0 0 -1
0 0 -2
2 2 0
3 8 5
5 11 12
7 15 15
3 21 19
5 30 20
10 38 22
12 40 29
13 40 33
15 40 40
18 39 48
15 30 53
10 27 60
8 20 62
5 15 68
3 9 62
0 5 59
-2 0 50
-10 -2 48
-11 -9 38
-15 -12 28
-11 -18 21
-11 -25 15
-13 -28 12
-18 -31 7
-19 -32 0
-18 -27 -11
-18 -28 -12
-19 -28 -20
-22 -30 -25
-23 -26 -30
-22 -25 -28
-22 -28 -28
-22 -29 -25
-23 -28 -22
-22 -25 -21
-22 -20 -20
-19 -9 -18
-10 -2 -15
-10 0 -15
-8 1 -11
-3 7 -11
-0 10 0
1 11 5
2 17 15
3 18 23
8 15 30
8 12 38
8 9 48
8 2 52
3 0 58
0 0 53
1 -1 58
0 -7 52
0 -8 45
1 -1 39
2 0 35
5 0 30
7 0 25
8 0 20
5 0 18
0 0 15
-2 -2 21
-2 -2 28
-5 -1 27
-2 0 25
0 0 25
3 2 25
5 5 21
8 8 20
7 2 21
3 5 20
1 2 20
-1 0 25
-2 -2 29
-10 -5 28
-7 -10 29
-9 -10 28
-10 -10 25
-8 -5 20
-9 0 17
-7 9 9
0 10 7
0 10 7
0 10 10
0 8 11
-2 8 19
-5 8 30
-3 8 35
-1 7 39
-2 7 35
0 4 30
0 2 29
-2 0 30
-6 -1 30
-8 -1 30
-7 -5 30
-8 -7 27
-8 -7 23
-10 -8 15
-9 -9 9
-8 -2 8
-8 0 2
-5 0 0
-5 1 0
-5 5 0
-5 8 0
-2 11 0
-2 14 0
0 18 3
0 17 8
0 18 9
0 17 12
-5 15 18
-7 11 21
-9 7 23
-8 2 28
-8 0 28
-9 -5 27
-9 -11 22
-10 -15 20
-12 -21 18
-18 -20 10
-18 -21 5
-18 -22 2
-16 -21 0
-13 -20 0
-11 -19 -5
-10 -18 -11
-9 -18 -11
-3 -11 -11
-2 -10 -11
-1 -7 -5
0 -7 -8
0 0 -7
0 0 -8
1 3 -8
3 7 -5
1 10 -8
2 10 0
8 11 0
8 13 3
8 14 8
10 15 10
9 19 10
9 18 10
10 18 10
9 23 12
10 30 18
11 43 18
15 50 19
21 50 22
20 50 25
21 50 27
20 50 32
20 50 43
22 52 53
25 53 53
25 53 52
26 57 51
27 52 50
28 55 50
25 58 50
20 61 51
20 75 58
25 100 52
35 115 48
42 122 42
45 110 42
40 89 45
29 65 60
12 28 93
2 9 120
-8 -5 117
-11 -21 95
-19 -41 65
-31 -59 35
-40 -72 -10
-41 -82 -30
-42 -91 -50
-45 -97 -63
-49 -101 -83
-50 -108 -100
-50 -103 -110
-50 -100 -118
-49 -97 -121
-49 -91 -130
-50 -90 -131
-48 -91 -139
-50 -91 -137
-51 -91 -129
-51 -91 -127
-50 -92 -119
-50 -93 -115
-50 -100 -110
-50 -105 -109
-49 -109 -108
-50 -113 -101
-48 -117 -93
-45 -113 -98
-49 -119 -91
-45 -118 -90
-45 -112 -89
-40 -109 -88
-39 -102 -82
-35 -97 -80
-33 -93 -81
-32 -80 -78
-21 -69 -72
-16 -52 -67
-2 -50 -60
-2 -43 -57
-2 -40 -47
-3 -32 -35
-4 -29 -15
-5 -28 5
-8 -28 3
-10 -28 8
-12 -30 8
-11 -29 8
-11 -28 10
-17 -22 10
-12 -15 10
-5 0 3
0 23 10
12 39 9
20 42 8
21 50 10
20 45 19
20 37 25
7 7 45
-8 -10 62
-10 -18 65
-11 -22 62
-12 -29 58
-15 -35 30
-20 -39 0
-20 -38 -20
-15 -30 -30
-9 -30 -32
-8 -32 -38
-10 -37 -35
-7 -32 -32
-7 -27 -30
-3 -21 -17
0 -17 -3
0 0 -2
2 20 -5
11 41 -2
20 72 5
38 88 10
48 88 18
47 70 25
36 61 40
28 52 63
23 39 100
19 30 130
8 15 125
7 7 105
7 6 80
2 8 68
1 5 55
1 2 37
0 7 20
0 10 13
0 12 10
0 20 3
0 25 5
0 27 3
0 27 3
0 30 0
1 32 0
5 40 8
8 38 10
7 35 11
3 27 10
1 21 15
0 19 20
0 19 20
1 18 25
2 15 10
3 15 1
1 15 2
0 10 3
0 3 1
-3 -7 2
-7 -11 1
-10 -12 1
-10 -12 3
-5 -10 1
-1 -9 -10
0 -7 -15
1 -5 -20
2 -2 -21
5 -2 -13
8 5 -10
10 10 0
11 11 8
12 20 10
18 30 10
18 33 18
17 35 28
10 37 35
10 45 40
10 50 49
10 55 58
10 60 59
10 70 58
11 73 58
18 73 58
17 73 60
15 70 63
11 68 70
10 70 78
8 70 81
10 72 85
10 70 82
11 73 80
11 75 78
13 78 75
12 75 70
10 69 70
10 68 70
10 68 72
10 68 75
10 68 74
10 70 70
10 75 63
10 79 59
10 78 60
10 70 55
10 69 61
7 63 65
3 59 68
1 55 70
0 50 70
-1 43 67
-3 40 59
-10 39 55
-13 19 48
-18 19 43
-20 18 38
-18 18 29
-15 22 23
-7 22 10
-2 28 8
-1 28 11
-8 27 15
-8 23 20
-9 18 35
-10 10 45
-12 5 48
-12 -2 45
-18 -10 40
-15 -12 35
-20 -21 23
-21 -25 20
-20 -22 18
-20 -21 10
-20 -20 5
-18 -20 0
-12 -20 -5
-17 -25 -6
-20 -30 -2
-20 -30 0
-18 -30 2
-18 -29 3
-17 -27 1
-13 -23 0
-12 -23 0
-13 -25 0
-17 -19 0
-15 -15 5
-15 -9 9
-12 -3 12
-10 -1 12
-9 0 13
-7 3 17
-7 8 20
-5 10 29
-3 10 30
-7 10 32
10 10 35
12 11 40
18 10 41
17 7 41
7 8 40
-2 9 43
0 10 42
0 10 45
0 10 42
-2 10 33
-3 9 35
-7 7 35
-5 0 33
-2 0 31
0 0 29
0 0 23
0 0 23
-2 0 17
-10 -7 17
-11 -7 12
-11 -9 15
-11 -11 9
-12 -12 5
-12 -10 2
-12 -10 -5
-10 -10 -9
-10 -11 -10
-10 -10 -10
-11 -11 -10
-10 -10 -10
-11 -8 -11
-15 -7 -10
-12 -5 -11
-17 -2 -11
-19 0 -12
-20 0 -12
-19 0 -10
-20 2 -12
-20 3 -9
-20 7 -7
-21 10 -5
-21 10 0
-19 13 0
-17 21 3
-13 22 0
-7 28 0
-1 30 0
0 28 0
0 27 10
-2 27 15
-1 20 18
0 20 20
0 18 23
1 18 30
3 15 30
1 13 30
2 13 28
3 11 19
7 11 19
10 10 15
10 10 10
10 10 7
10 10 10
7 11 10
5 10 10
8 10 10
8 9 5
8 9 1
5 5 0
5 5 0
8 0 0
5 -2 0
5 -3 1
5 -9 0
8 -11 0
8 -12 -10
9 -13 -10
9 -21 -11
9 -25 -11
3 -28 -12
1 -35 -11
1 -38 -15
3 -32 -20
4 -35 -20
8 -35 -20
7 -35 -21
5 -36 -23
5 -41 -27
5 -42 -22
5 -40 -25
5 -41 -32
8 -40 -38
8 -39 -40
9 -37 -43
2 -32 -52
2 -32 -58
7 -31 -49
8 -29 -49
7 -25 -49
5 -22 -50
5 -22 -40
5 -23 -40
5 -28 -35
5 -27 -35
5 -28 -40
3 -27 -40
1 -22 -38
0 -22 -35
0 -28 -36
0 -30 -37
0 -30 -34
0 -30 -31
0 -31 -30
0 -32 -29
-1 -36 -30
-2 -37 -29
-3 -38 -30
-5 -37 -31
-8 -35 -33
-3 -32 -35
-2 -31 -38
-1 -33 -42
0 -36 -41
0 -37 -41
0 -32 -37
0 -33 -32
1 -30 -32
3 -29 -31
3 -29 -31
4 -28 -31
3 -27 -31
2 -28 -31
2 -21 -29
2 -21 -22
2 -17 -20
0 -10 -18
0 -10 -14
0 -8 -12
1 -1 -11
5 0 -10
9 0 -10
10 2 -5
10 2 0
10 5 1
10 10 5
11 9 9
12 8 12
11 8 13
10 8 12
10 8 13
11 8 17
12 8 19
11 8 20
15 9 20
10 8 19
10 3 20
11 0 19
10 0 18
9 2 19
7 8 19
5 8 15
5 12 15
5 12 10
8 10 13
8 10 20
5 13 23
2 19 20
2 12 18
3 12 20
1 12 22
0 15 17
0 16 11
-1 16 10
-3 12 11
-7 11 12
-7 8 18
-10 7 18
-11 8 18
-10 3 19
-13 0 19
-20 0 21
-21 0 18
-20 0 20
-21 -3 19
-20 -11 15
-21 -10 10
-19 -12 8
-19 -20 7
-19 -20 9
-21 -21 8
-20 -21 8
-20 -21 5
-20 -21 8
-20 -22 3
-20 -21 0
-20 -20 0
-20 -19 7
-19 -18 11
-19 -22 12
-18 -21 18
-18 -22 18
-19 -20 19
-19 -18 18
-21 -22 7
-19 -20 2
-18 -19 0
-18 -18 -1
-15 -12 0
-13 -10 1
-11 -9 0
-10 -5 2
-5 0 3
-3 0 0
0 0 0
0 0 1
2 1 1
4 1 2
8 2 3
9 5 8
9 5 11
9 8 11
10 8 11
10 10 11
10 5 10
9 5 10
8 8 10
8 5 11
9 5 11
10 3 9
11 0 7
11 5 10
12 7 10
13 0 10
12 4 10
11 8 10
10 10 8
9 8 5
8 8 5
7 5 8
5 5 10
1 5 12
0 0 15
0 0 18
1 0 19
2 -1 18
2 -3 19
2 -1 18
0 -5 18
0 -5 17
0 -5 15
-1 0 13
-2 5 11
-2 0 5
-1 0 3
-1 -1 0
-2 -1 -1
-2 0 -1
-1 0 -1
0 -10 0
0 -15 0
0 -21 0
-1 -20 2
0 -22 3
0 -25 3
-1 -33 2
-7 -40 0
-8 -43 0
-10 -50 0
-10 -50 0
-10 -55 0
-9 -55 0
-8 -51 -1
-7 -51 0
-2 -52 0
-1 -51 -5
0 -47 -1
0 -49 0
0 -50 0
0 -42 0
0 -41 1
0 -43 0
1 -49 -1
2 -49 0
7 -50 0
8 -51 0
9 -49 0
8 -41 3
2 -41 10
5 -40 10
8 -38 11
8 -35 10
8 -38 12
8 -38 13
8 -38 20
7 -38 21
1 -35 23
1 -33 25
0 -35 29
-1 -30 27
-5 -28 17
-5 -27 5
-3 -21 -8
-7 -15 -19
-5 -10 -18
-5 -3 -19
-3 0 -10
-1 0 -12
0 1 -11
0 0 -2
0 0 10
0 2 10
1 5 10
1 2 13
1 5 18
1 5 20
0 9 10
0 10 0
-1 12 0
-7 18 -11
-7 18 -19
-9 17 -12
-9 18 -9
-10 17 -2
-10 17 -3
-8 18 -1
-8 17 2
-10 15 5
-11 18 10
-7 18 12
-2 17 18
-5 20 -20
-2 21 -21
0 19 -31
0 20 -40
0 19 41
0 17 45
0 15 49
0 15 52
0 15 55
0 15 48
0 20 25
0 19 20
1 23 18
0 25 18
3 28 17
5 28 18
5 32 7
2 30 5
0 29 2
0 28 12
0 23 27
0 23 28
0 27 29
0 25 27
-5 25 25
-7 25 21
-1 25 19
-2 29 13
-2 31 8
-2 37 5
-3 35 2
-3 38 1
-7 38 1
-7 37 2
-9 37 3
-11 31 2
-11 31 5
-19 27 8
-21 23 5
-22 20 5
-28 18 1
-23 18 1
-28 18 2
-28 19 10
-28 20 10
-28 21 19
-27 20 21
-27 20 22
-30 20 20
-30 20 21
-31 22 20
-31 23 19
-30 25 18
-27 28 13
-25 28 19
-23 28 15
-21 28 10
-21 28 9
-20 28 10
-19 25 11
-17 23 12
-12 23 15
-12 23 20
-12 20 20
-12 17 19
-12 13 20
-11 9 18
-10 3 17
-9 1 10
-7 0 7
-5 0 8
0 0 8
-1 -1 7
-1 0 7
-2 1 9
-1 10 8
-1 11 10
0 13 10
0 18 11
0 20 15
0 21 15
0 20 18
1 20 20
1 20 21
2 20 25
2 19 30
1 18 30
0 18 35
0 18 35
0 17 32
0 17 29
0 17 30
1 15 30
2 15 28
3 15 27
3 18 27
4 16 28
2 12 28
1 11 28
0 10 28
0 10 28
0 9 17
0 5 10
0 1 7
0 0 3
-2 0 0
-1 0 3
0 0 5
0 -2 11
0 -3 15
0 -7 20
0 -9 26
0 -9 31
0 -5 30
0 -1 27
1 0 23
2 0 20
5 0 18
7 1 20
7 5 17
7 7 15
2 11 18
1 11 21
1 13 18
1 16 21
1 20 29
2 20 32
2 20 35
0 20 40
0 19 43
0 18 42
0 17 45
-1 15 41
-2 13 40
-5 10 40
-8 9 39
-9 10 38
-10 11 32
-10 10 30
-9 10 20
-9 10 15
-8 11 10
-7 11 10
-4 11 7
-1 10 0
-1 12 0
-0 15 1
-2 10 5
-4 8 0
-5 8 -1
-5 5 -1
-7 10 0
-8 8 0
-10 7 5
-10 1 5
-12 0 5
-13 0 7
-10 0 9
-9 -2 7
-10 -8 5
-7 -7 0
-7 -8 1
-6 -7 1
-5 -2 0
-5 -2 -1
-2 0 -7
0 0 -8
0 0 -8
1 1 -5
1 2 0
1 5 0
0 10 0
1 11 1
1 17 0
1 13 0
1 15 0
2 15 1
1 21 2
1 25 0
1 21 1
7 25 3
5 25 5
5 27 3
6 27 1
5 20 0
3 19 0
2 15 0
1 12 5
1 8 5
2 7 5
1 0 5
0 -5 5
0 -8 3
0 -10 2
0 -13 0
0 -18 -5
-1 -21 -7
-5 -22 -10
-7 -25 -10
-5 -28 -11
-5 -32 -16
-9 -31 -20
-10 -31 -17
-7 -32 -18
-7 -41 -18
-2 -41 -20
-5 -43 -20
-5 -39 -22
-5 -33 -21
-7 -34 -22
-8 -35 -22
-9 -32 -22
-5 -32 -27
-3 -35 -30
-3 -33 -28
-3 -33 -29
-3 -35 -30
-2 -32 -29
-3 -31 -29
-7 -27 -27
-10 -29 -30
-11 -30 -30
-10 -27 -30
-10 -22 -30
-10 -20 -22
-11 -19 -22
-15 -12 -20
-14 -10 -21
-12 -5 -22
-7 -1 -20
-1 0 -20
0 0 -18
0 0 -15
0 2 -10
0 8 -10
0 5 -8
0 7 -5
0 2 0
-1 0 0
0 0 1
0 0 2
0 0 1
0 0 1
-1 0 0
-1 0 -1
-7 0 -2
-12 2 -11
-12 1 -10
-12 1 -9
-13 3 -10
-15 2 -10
-18 3 -7
-18 3 -5
-18 2 -1
-20 1 -1
-20 0 -1
-20 0 0
-21 -1 -1
-22 -3 -7
-21 -1 -8
-20 -3 -5
-19 -7 -10
-17 -1 -10
-10 -1 -11
-10 -1 -12
-11 -1 -13
-11 -7 -11
-11 -10 -12
-12 -12 -10
-18 -15 -10
-20 -15 -7
-20 -19 -10
-20 -19 -8
-19 -20 -8
-18 -18 -9
-18 -19 -10
-15 -18 -11
-11 -17 -11
-7 -12 -11
-3 -17 -12
-2 -12 -10
-1 -11 -10
0 -12 -10
0 -18 -9
2 -18 -8
0 -15 -9
1 -12 -11
2 -10 -10
3 -10 -10
7 -11 -10
10 -11 -3
10 -11 -3
10 -11 -2
10 -11 -10
9 -12 -9
8 -10 -8
10 -8 -8
7 -7 -3
5 -7 -3
5 -11 -3
3 -12 -1
2 -17 0
1 -20 0
1 -18 0
0 -18 0
0 -18 0
-1 -19 0
-2 -20 -2
-10 -25 -9
-10 -27 -10
-11 -25 -10
-11 -29 -11
-10 -28 -8
-11 -30 -10
-12 -31 -10
-12 -31 -10
-10 -32 -11
-11 -32 -13
-10 -31 -18
-10 -29 -18
-11 -31 -15
-11 -30 -13
-12 -30 -15
-18 -33 -15
-25 -31 -18
-27 -29 -18
-28 -27 -18
-30 -22 -18
-30 -23 -18
-27 -28 -15
-22 -27 -15
-18 -22 -11
-17 -20 -10
-17 -18 -5
-15 -15 -1
-12 -10 0
-9 -9 2
-7 -7 2
-3 -1 3
0 -2 3
2 -2 8
5 -3 11
3 -2 12
0 -7 18
0 -8 19
0 -7 20
-3 -7 25
0 -8 27
2 -3 22
2 -5 23
0 -10 27
0 -2 25
-3 -1 20
-7 0 19
-12 0 20
-12 0 19
-10 -5 20
-3 -5 22
-1 -2 20
0 -3 22
0 -2 25
0 -3 20
-1 -5 23
-1 -9 22
-2 -11 25
-2 -9 25
-2 -9 25
-5 -8 25
-9 -7 23
-7 -8 28
-8 -9 25
-8 -5 23
-8 -2 21
-10 -8 25
-7 -8 20
-5 -8 21
-5 -7 22
-5 -3 25
-2 -10 21
-1 -12 22
-0 -11 28
1 -11 28
1 -10 29
2 -11 28
2 -15 29
2 -13 30
2 -17 30
3 -15 38
10 -12 32
11 -13 30
12 -11 29
18 -10 23
19 -10 22
18 -10 25
17 -12 25
10 -15 28
10 -15 27
10 -15 22
9 -20 22
10 -20 20
11 -21 21
11 -21 22
10 -22 21
11 -27 23
10 -28 19
7 -28 20
5 -27 19
2 -25 19
0 -25 15
0 -25 13
0 -21 12
0 -20 17
2 -20 15
8 -20 11
9 -20 13
10 -21 18
10 -21 19
8 -18 23
8 -15 22
8 -12 23
10 -15 28
10 -12 23
10 -12 25
9 -13 23
8 -20 23
3 -19 25
5 -19 28
3 -19 28
2 -19 28
0 -20 29
-1 -20 28
-2 -21 23
-2 -25 20
-8 -27 20
-9 -25 20
-10 -22 20
-10 -20 15
-7 -20 11
-5 -21 10
-5 -22 9
-1 -23 3
0 -23 5
0 -23 5
0 -22 9
-1 -21 9
-1 -21 7
-1 -20 3
-5 -18 3
-8 -17 3
-5 -15 3
-5 -15 2
-3 -18 2
-1 -18 3
0 -15 9
0 -17 9
0 -12 10
-1 -10 10
-2 -5 10
-3 -5 9
-2 -1 10
-2 0 10
-5 0 10
-7 1 10
-1 2 11
0 0 12
1 1 15
2 0 18
0 2 19
2 0 19
2 0 19
0 0 18
-5 0 15
-10 1 10
-11 0 9
-12 1 8
-12 2 3
-18 1 2
-18 0 0
-19 0 0
-19 0 -1
-20 -1 -4
-20 -1 -4
-18 -2 -4
-11 -2 -2
-9 -2 -3
-3 -2 -2
-1 0 -2
0 0 -1
0 0 0
0 0 0
-1 0 0
0 0 0
0 0 0
-1 0 0
0 0 0
0 0 0
0 0 0
0 0 0
0 0 -3
0 0 -5
0 0 -5
0 0 -8
0 0 -9
0 0 -8
-1 0 -10
-2 0 -9
-5 0 -8
-7 0 -9
-9 0 -5
-11 0 -5
-20 0 -2
-30 0 0
-30 0 1
-28 3 0
-27 7 0
-27 8 0
-22 7 0
-25 1 2
-25 1 8
-28 0 8
-30 0 3
-31 0 1
-29 0 0
-29 0 -1
-27 0 -3
-25 2 -10
-20 3 -10
-17 0 -9
-11 0 -8
-7 5 -1
-2 8 -2
-2 9 -1
0 10 0
0 10 1
0 10 3
0 10 5
-2 10 10
-5 10 15
-5 11 29
-3 10 30
-3 15 35
-1 15 41
0 17 48
-1 12 53
-10 9 59
-15 5 58
-22 5 58
-23 3 48
-28 0 48
-29 0 37
-30 -3 35
-32 -11 29
-41 -11 25
-50 -12 19
-50 -21 18
-45 -22 17
-39 -22 10
-32 -23 5
-29 -23 0
-30 -27 5
-30 -29 7
-27 -30 8
-24 -30 1
-22 -30 0
-21 -29 1
-23 -28 0
-21 -25 -1
-17 -25 -8
-12 -28 -5
-12 -25 -5
-9 -25 -7
-8 -22 -10
-9 -20 -7
-7 -15 -11
-3 -11 -10
0 -11 -9
0 -11 -8
3 -9 -7
8 0 -3
8 0 0
9 0 0
7 0 0
5 0 3
9 0 1
10 1 5
10 5 10
18 8 10
18 9 12
19 10 10
18 11 15
18 12 18
18 13 15
18 17 23
19 19 25
17 20 20
17 22 20
18 28 23
20 27 29
22 22 28
21 20 25
21 20 21
21 17 20
19 15 20
21 12 12
21 10 15
22 9 13
23 6 17
28 0 13
25 -2 13
28 -8 12
30 -11 2
35 -17 0
35 -18 -10
32 -20 -10
30 -20 -17
29 -20 -21
20 -21 -32
18 -22 -32
18 -21 -40
17 -20 -38
18 -18 -38
17 -18 -40
10 -18 -39
1 -18 -38
-1 -18 -42
0 -12 -30
0 -13 -31
0 -12 -35
0 -10 -32
-2 -7 -31
0 0 -30
0 0 -30
0 2 -32
0 5 -37
0 3 -32
0 4 -29
0 3 -27
0 1 -22
0 0 -17
0 0 -15
-2 0 -17
-2 0 -18
-2 0 -18
1 1 -20
3 0 -22
5 0 -27
5 0 -23
7 0 -22
7 0 -22
7 0 -20
8 1 -21
8 3 -21
8 2 -25
10 5 -29
8 7 -32
5 5 -38
3 1 -40
2 2 -40
0 0 -41
0 0 -40
0 1 -42
0 1 -47
0 2 -42
2 8 -41
8 8 -46
10 10 -49
11 9 -49
12 11 -49
15 12 -51
15 12 -50
12 12 -49
11 11 -49
11 12 -49
10 11 -48
12 12 -45
11 12 -47
9 13 -50
8 13 -49
7 15 -45
5 11 -42
2 12 -40
5 11 -40
0 10 -39
3 9 -38
2 8 -31
0 7 -28
-2 7 -27
-7 9 -20
-12 10 -21
-18 10 -20
-17 10 -20
-12 12 -19
-10 12 -18
-6 18 -20
-4 17 -19
-1 17 -15
0 18 -10
0 21 -10
1 28 -10
3 28 -7
1 28 -3
1 35 -1
2 38 0
3 40 7
3 40 10
3 42 11
3 46 15
4 42 18
5 43 18
7 45 19
10 48 18
5 50 21
1 52 22
0 53 25
3 51 19
4 49 20
-4 49 20
-8 42 19
-10 37 21
-12 35 21
-19 31 21
-19 32 20
-17 32 22
-12 28 21
-11 28 20
-11 25 21
-11 23 18
-11 25 19
-11 25 20
-10 22 23
-11 21 28
-11 20 28
-11 25 28
-17 27 20
-15 23 21
-15 22 21
-15 23 25
-15 28 28
-15 28 27
-15 28 28
-15 28 31
-12 27 38
-10 23 40
-9 20 40
-9 20 40
-7 20 42
-3 19 42
-2 20 43
-5 22 42
-11 21 42
-11 20 43
-12 19 45
-10 20 49
-10 20 51
-10 20 50
-9 22 48
-9 23 48
-9 20 48
-10 18 50
-11 21 50
-11 20 50
-12 18 52
-12 16 52
-12 16 53
-20 17 52
-19 13 50
-17 10 52
-17 10 57
-17 9 58
-17 3 57
-18 0 59
-19 0 53
-15 0 52
-17 1 53
-18 3 53
-20 5 57
-20 5 57
-21 7 53
-21 10 49
-19 11 49
-19 10 45
-20 10 39
-15 10 38
-10 11 40
-10 13 35
-8 17 32
0 18 28
2 20 20
2 23 22
0 28 25
0 30 17
0 30 18
0 30 20
-2 28 18
-3 28 10
-3 25 0
-5 18 -2
-8 19 -3
-8 17 -3
-9 15 -7
-2 10 -10
-2 3 -12
-5 0 -20
-5 -7 -22
-5 -11 -27
-5 -20 -29
-2 -30 -32
-2 -35 -35
0 -40 -37
0 -43 -38
0 -51 -40
5 -58 -41
7 -68 -40
9 -70 -42
8 -70 -41
9 -67 -39
10 -60 -38
10 -50 -35
10 -40 -30
7 -30 -30
0 -23 -28
0 -15 -25
0 -8 -21
-1 -5 -19
5 -3 -12
7 0 -10
8 3 -9
7 10 0
7 13 5
6 20 9
5 18 15
3 20 20
0 19 21
0 16 25
-1 12 28
-3 8 30
-9 7 33
-8 1 39
-9 0 41
-10 0 41
-10 0 39
-10 -2 32
-11 -2 29
-11 -3 28
-10 -5 29
-10 -10 28
-10 -10 27
-10 -12 25
-10 -18 23
-9 -25 25
-8 -30 20
-9 -31 21
-9 -32 20
-7 -32 20
-10 -32 25
-10 -32 28
-9 -32 35
-10 -31 38
-10 -27 39
-10 -25 39
-9 -18 43
-9 -15 47
-8 -7 47
-8 -5 45
-8 -2 48
-8 0 48
-8 1 48
-8 7 45
-8 9 45
-8 11 50
-3 11 51
-1 12 55
0 12 54
0 12 55
1 10 58
2 7 58
2 5 59
1 0 60
0 -1 57
0 -1 59
0 -3 59
0 -8 59
0 -10 58
0 -12 58
-2 -15 51
-5 -21 51
-5 -25 50
-1 -29 51
-1 -30 50
-2 -31 50
-9 -31 47
-11 -29 40
-11 -29 30
-11 -28 27
-10 -28 27
-10 -28 12
-9 -30 15
-5 -31 16
-5 -31 20
+5 -37 18
-5 -38 19
-3 -38 21
-1 -38 25
0 -38 28
0 -39 28
0 -40 25
0 -41 30
0 -40 30
-1 -42 28
-1 -42 27
-1 -41 27
-1 -40 25
-1 -37 25
-1 -30 23
-1 -25 23
-1 -21 19
-7 -20 11
-10 -18 9
-8 -19 7
-7 -18 8
-7 -10 11
-5 -9 13
-5 -7 10
-3 -2 5
-3 -1 -1
-3 -1 -2
-3 -3 -7
-3 -7 -9
-2 -9 -10
-1 -11 -12
-1 -15 -11
-1 -13 -10
-3 -11 -10
-3 -9 -18
-1 -7 -18
-1 -2 -18
-1 0 -18
0 1 -19
0 1 -21
0 1 -20
0 2 -17
0 3 -18
0 2 -13
0 2 -8
-1 3 -5
-2 7 -8
-3 7 -10
-4 10 -12
-5 15 -13
-8 18 -17
-10 21 -19
-12 28 -20
-11 28 -18
-11 29 -20
-10 30 -20
-10 30 -21
-12 30 -21
-13 31 -19
-17 32 -20
-18 33 -20
-17 32 -20
-17 30 -19
-12 28 -18
-11 28 -12
-10 29 -10
-10 29 -7
-9 25 -3
-8 20 -1
-7 19 -2
-8 18 -5
-5 15 -1
-5 13 0
-5 15 0
-9 18 1
-9 18 -1
-11 20 -2
-9 21 -9
-8 21 -10
-3 20 -10
-1 20 -10
0 19 -15
0 20 -15
0 20 -15
0 17 -18
-1 17 -18
-10 15 -18
-15 18 -21
-19 19 -22
-20 21 -25
-20 23 -29
-18 27 -30
-18 28 -33
-18 29 -32
-18 31 -32
-18 38 -30
-18 40 -30
-17 41 -30
-10 43 -28
-10 45 -28
-10 45 -28
-10 43 -28
-10 40 -30
-8 40 -29
-11 40 -27
-11 35 -28
-12 28 -29
-13 25 -29
-12 23 -23
-11 22 -20
-10 21 -20
-11 21 -18
-11 20 -19
-12 20 -18
-12 25 -17
-12 27 -10
-17 30 -9
-12 30 -10
-11 29 -11
-11 30 -10
-9 30 -10
-9 29 -13
-8 28 -11
-11 27 -5
-11 20 -3
-10 17 0
-10 15 1
-10 15 7
-10 19 9
-9 19 10
-10 18 11
-9 19 13
-9 18 11
-10 18 12
-12 17 18
-12 7 15
-12 7 9
-17 5 7
-19 10 6
-20 10 8
-20 12 7
-20 18 5
-19 15 3
-19 15 3
-19 18 3
-19 19 1
-18 20 0
-17 19 -1
-15 19 -2
-11 20 0
-12 18 0
-11 17 0
-11 15 1
-9 16 1
-9 16 2
-10 15 7
-9 15 10
-9 19 10
-9 19 10
-10 19 11
-10 19 15
-10 21 18
-10 25 18
-10 23 17
-10 23 15
-12 21 18
-12 21 20
-13 21 21
-13 21 20
-12 18 20
-15 18 19
-15 18 18
-16 17 19
-17 13 18
-18 11 19
-19 10 12
-20 9 15
-20 8 10
-20 7 10
-17 5 10
-17 10 10
-19 12 10
-18 15 9
-15 20 10
-11 22 10
-11 23 10
-11 25 10
-10 28 15
-9 30 20
-9 30 25
-8 30 28
-7 30 29
-9 29 29
-10 29 29
-10 28 30
-10 27 35
-9 23 33
-9 19 35
-9 17 39
-8 14 39
-9 10 38
-8 8 30
-9 5 30
-11 0 31
-11 0 29
-11 -1 30
-11 -5 27
-11 -11 23
-11 -12 22
-11 -18 20
-11 -19 15
-10 -19 18
-10 -20 15
-10 -22 12
-10 -27 5
-10 -25 3
-10 -21 2
-10 -20 0
-10 -17 -1
-10 -12 0
-5 -7 2
-3 -2 5
-1 -1 1
0 -1 3
0 0 5
1 0 8
3 0 10
5 0 15
10 0 19
12 1 20
15 5 29
15 1 29
16 1 29
15 0 28
13 5 30
10 6 30
9 5 29
9 5 28
8 8 29
5 7 30
3 5 28
1 1 23
0 3 22
0 3 20
0 0 19
0 0 15
0 0 9
0 5 10
0 10 9
0 11 8
0 11 8
1 11 8
0 10 7
0 11 5
0 10 3
0 10 9
0 10 10
0 10 11
0 13 10
0 18 10
0 18 11
0 18 11
0 18 10
0 18 10
0 18 10
0 20 9
0 20 8
0 20 7
0 22 7
0 21 10
0 20 10
0 20 10
0 19 10
0 17 11
0 12 9
0 10 10
0 11 10
0 10 10
0 11 8
0 11 2
0 9 0
0 10 1
0 10 0
0 10 0
0 10 1
0 10 1
0 8 5
0 5 8
0 3 8
0 2 9
1 1 9
0 0 10
0 0 10
0 -1 7
0 -5 0
0 -10 0
0 -11 0
0 -12 -1
0 -12 -1
0 -18 0
0 -20 0
0 -21 0
0 -21 -1
0 -22 0
0 -29 0
0 -30 -1
0 -30 -1
0 -29 -1
0 -30 -1
0 -30 -1
0 -29 -1
0 -30 -1
0 -32 -1
0 -32 0
0 -32 1
1 -31 1
2 -30 1
5 -27 2
10 -25 10
15 -25 18
15 -21 15
15 -18 18
14 -15 20
13 -11 25
13 -10 23
11 -11 20
9 -11 19
7 -11 15
5 -12 13
3 -15 10
3 -21 7
1 -23 2
0 -23 0
0 -21 0
0 -19 -7
0 -17 -12
0 -11 -21
0 -10 -22
0 -3 -22
0 -1 -22
-1 0 -23
-1 0 -28
-2 -1 -30
0 -1 -30
0 -1 -35
0 0 -38
1 0 -37
-1 2 -37
-5 5 -35
-7 8 -31
-5 10 -30
-2 15 -29
-1 15 -25
0 11 -22
0 13 -21
1 17 -19
5 19 -20
10 19 -21
10 19 -20
12 18 -20
10 20 -12
11 17 -10
12 15 -11
12 10 -10
12 10 -10
9 12 -10
5 10 -10
3 10 -11
2 10 -7
9 9 -7
2 8 -2
2 7 -1
3 5 -2
3 5 -5
3 5 -1
2 5 0
2 8 0
2 8 0
0 9 0
0 10 -1
2 10 -1
5 10 -1
5 11 -1
8 11 0
8 12 0
2 11 0
2 10 1
2 10 5
2 9 11
1 10 10
0 9 8
0 7 10
0 2 10
-1 -2 11
-2 -7 7
-3 -12 7
-8 -18 5
-10 -18 3
-10 -20 0
-11 -21 -10
-11 -21 -12
-11 -21 -18
-11 -22 -20
-10 -25 -23
3 -28 -25
-3 -28 -27
-3 -25 -30
0 -20 -32
0 -19 -38
0 -17 -35
1 -12 -35
5 -9 -38
5 -3 -39
8 -2 -38
10 0 -35
10 1 -31
9 7 -27
9 8 -21
10 8 -19
10 8 -15
9 7 -10
10 5 0
10 3 7
10 0 3
9 -1 -11
9 -8 -20
8 -11 -35
7 -12 -55
7 -15 -90
7 -18 -92
7 -21 -91
5 -28 -90
5 -30 -82
5 -32 -87
7 -38 -90
8 -39 -100
6 -39 -100
5 -39 -100
5 -41 -95
5 -41 -98
5 -47 -98
3 -48 -92
1 -47 -80
0 -45 -75
0 -41 -70
-2 -42 -60
-3 -40 -55
-5 -39 -55
-10 -39 -60
-9 -36 -60
-8 -34 -50
-5 -32 -35
-1 -30 -31
-1 -29 -29
-1 -29 -29
-3 -29 -28
-6 -25 -27
-8 -22 -20
-6 -21 -15
-7 -21 -10
-8 -21 0
-7 -20 5
-9 -20 15
-10 -20 21
-11 -19 25
-10 -19 31
-8 -18 33
-7 -15 45
-7 -12 55
-10 -11 58
-11 -12 60
-10 -18 65
-11 -18 75
-12 -18 83
-11 -18 85
-12 -17 89
-12 -13 90
-13 -12 91
-12 -11 95
-11 -12 100
-10 -10 105
-10 -9 108
-8 -8 108
-8 -9 112
-8 -10 118
-8 -10 120
-5 -11 123
-7 -12 130
-8 -15 138
-11 -15 138
-11 -16 140
-10 -18 140
-10 -21 140
-10 -23 139
-8 -28 138
-10 -30 138
-10 -31 137
-10 -32 135
-10 -32 130
-9 -32 129
-7 -32 129
-9 -32 128
-10 -32 128
-10 -30 127
-9 -30 120
-7 -35 120
-8 -35 117
-8 -32 115
-8 -30 112
-8 -30 110
-10 -30 108
-10 -30 100
-11 -28 90
-10 -25 80
-10 -25 70
-9 -27 55
-9 -20 51
-10 -20 42
-8 -19 35
-10 -18 29
-7 -17 27
-5 -11 29
-2 -7 35
0 -5 40
0 0 45
0 0 49
0 0 53
0 0 65
0 0 75
-7 0 85
-12 0 82
-18 0 85
-20 0 90
-21 0 91
-22 0 79
-19 -1 89
-17 0 70
-20 0 40
-23 0 40
-20 0 37
-25 0 0
-27 0 -15
-28 0 -22
-27 1 -20
-23 3 -20
-20 3 -21
-22 3 -20
-20 3 -15
-20 3 -10
-18 3 0
-18 3 10
-17 0 17
-17 0 20
-15 -3 22
-12 -3 25
-12 -2 22
-12 -2 20
-12 -2 28
-12 -1 35
-10 0 45
-12 0 55
-12 0 70
-10 1 85
-11 1 110
-8 1 87
-5 0 75
-5 0 38
-9 0 40
-5 0 47
-5 0 50
-6 0 51
-8 0 50
-11 0 51
-10 3 43
-10 3 39
-10 0 40
-11 0 39
-11 0 40
-11 0 43
-19 2 43
-8 5 43
-10 5 41
-11 5 41
-9 5 42
-8 8 40
-5 10 40
-5 11 38
0 12 38
0 12 38
0 15 37
0 18 37
0 19 37
0 22 35
0 28 37
0 30 40
3 31 42
9 30 43
8 30 45
8 30 45
5 32 45
8 35 49
8 38 49
8 38 48
8 39 47
6 41 48
8 42 45
9 43 49
10 43 49
9 43 50
8 40 50
5 37 50
5 32 47
5 30 43
0 30 41
0 29 37
0 29 30
-1 27 22
-1 20 17
-1 19 15
-1 20 0
-1 20 -11
-1 15 -12
-2 15 -10
-2 12 -12
-1 10 -21
0 5 -23
-1 2 -23
-1 0 -25
0 0 -25
0 0 -21
0 1 -21
0 0 -21
0 0 -20
1 1 -18
0 7 -17
2 10 -15
2 12 -12
3 15 -11
5 15 -10
5 18 -10
7 20 -9
9 22 -10
10 21 -11
10 20 -15
10 20 -19
9 20 -20
9 19 -23
9 18 -23
10 15 -29
10 13 -31
7 12 -32
5 10 -35
5 8 -40
5 8 -45
5 7 -50
2 7 -58
3 5 -61
2 3 -68
2 2 -72
3 1 -78
5 0 -80
5 0 -85
4 0 -90
3 0 -91
1 1 -93
1 2 -97
1 8 -99
2 9 -93
2 10 -93
3 10 -95
3 9 -92
3 9 -98
5 7 -99
4 5 -99
3 5 -101
3 5 -101
3 5 -101
1 5 -107
0 5 -110
0 5 -112
0 3 -119
0 1 -123
0 0 -121
-1 0 -121
-1 0 -122
-2 0 -128
-2 -1 -129
-3 -2 -129
-7 -5 -129
-8 -7 -128
-8 -7 -131
-9 -7 -133
-10 -8 -140
-10 -9 -149
-10 -10 -150
-9 -10 -154
-3 -10 -152
-3 -11 -149
-1 -16 -147
0 -18 -150
0 -20 -150
1 -20 -147
1 -18 -148
2 -15 -143
2 -15 -142
3 -18 -140
5 -19 -138
8 -21 -130
8 -21 -127
5 -20 -120
5 -21 -113
5 -22 -109
3 -22 -104
3 -23 -100
3 -25 -88
2 -19 -82
2 -30 -83
0 -33 -81
0 -35 -87
0 -38 -90
0 -39 -102
0 -40 -100
0 -42 -90
-1 -42 -80
-2 -43 -79
-5 -48 -70
-5 -48 -70
-5 -48 -62
-8 -48 -61
-9 -47 -75
-7 -43 -85
-9 -42 -87
-8 -39 -80
-8 -37 -63
-7 -32 -50
-5 -32 -32
-2 -32 -10
-5 -30 1
-7 -30 20
-3 -28 28
-1 -25 40
0 -25 53
0 -20 63
1 -20 69
1 -17 69
1 -11 75
1 -10 75
5 -9 79
7 -8 80
3 -7 79
5 -5 80
1 -5 79
0 -2 73
0 -1 65
0 -2 60
1 -5 59
1 -7 59
1 -9 57
2 10 59
0 -11 59
1 -11 59
1 -10 53
1 -10 49
-1 -10 50
0 -10 45
0 -9 40
2 -9 45
8 -9 50
8 -8 59
12 -6 59
15 -5 61
12 -7 61
12 -5 70
12 -7 69
20 -10 60
25 -10 50
25 -10 45
17 -13 52
14 -13 68
12 -18 68
12 -18 70
14 -18 69
18 -20 68
17 -20 68
18 -20 65
18 -22 69
17 -23 71
16 -25 70
15 -28 72
11 -29 90
9 -29 91
8 -28 89
8 -28 69
7 -28 69
4 -28 70
7 -29 75
5 -28 81
5 -27 87
5 -22 89
3 -21 90
5 -20 95
5 -19 95
8 -18 89
8 -15 81
13 -15 75
20 -11 68
20 -9 60
19 -9 61
18 -8 68
20 -2 68
19 0 60
19 0 59
20 1 57
9 3 50
15 5 51
11 8 55
8 8 58
5 10 59
3 11 65
7 13 70
9 18 73
15 15 72
18 10 74
5 8 71
0 5 71
0 0 72
0 -3 73
-1 -7 71
-2 -10 69
-8 -15 70
-8 -22 70
11 -27 70
10 -30 69
12 -31 68
20 -35 69
19 -37 69
21 -39 67
23 -40 60
23 -41 55
20 -41 51
23 -40 50
19 -39 51
20 -32 55
21 -31 58
21 -29 61
22 -22 59
19 -19 60
13 -18 58
5 -15 57
0 -11 57
8 -8 60
10 -8 61
10 -3 62
13 -1 63
12 0 63
0 1 70
8 5 70
0 7 70
-19 10 70
-16 11 72
-12 10 78
-12 10 79
-11 10 85
-10 8 78
-10 7 79
-10 5 90
-10 1 90
-9 2 95
-5 3 98
-5 3 99
-5 8 99
-5 8 99
-3 7 100
-1 5 99
-1 0 92
0 -5 90
0 -10 91
0 -12 89
0 -13 89
-5 -18 82
-1 -23 78
-1 -23 75
-2 -23 70
0 -22 63
0 -20 60
5 -18 60
18 -15 49
18 -12 45
20 -9 42
18 -7 39
20 -1 38
8 1 33
10 5 32
15 8 35
16 11 31
19 13 32
18 19 31
8 19 31
1 21 31
0 21 30
0 22 29
4 27 30
9 28 30
9 27 32
10 29 35
11 25 31
10 19 31
8 18 28
5 18 29
5 17 29
8 15 30
8 18 30
5 18 29
5 18 25
2 18 21
2 18 20
1 20 21
0 19 19
0 21 18
0 22 19
3 25 12
3 29 6
-1 31 0
-3 32 -1
-7 32 -2
-1 34 -5
-1 35 -11
0 35 -11
0 35 -10
0 34 -10
-2 35 -10
-7 36 -11
-10 36 -11
-7 35 -11
-3 33 -11
0 32 -11
1 37 -18
2 39 -18
9 38 -21
7 35 -21
5 34 -21
1 35 -23
2 31 -30
0 32 -32
-1 38 -32
-5 38 -35
-7 38 -35
-10 38 -40
-12 38 -40
-18 37 -40
-18 37 -47
-18 33 -50
-18 33 -51
-17 32 -51
-10 32 -61
-9 32 -63
-5 32 -68
-7 32 -70
-5 32 -69
-3 30 -69
-1 33 -65
0 37 -65
0 35 -62
-1 35 -60
0 35 -58
0 35 -52
1 38 -51
1 35 -50
2 30 -50
8 30 -43
5 27 -37
1 25 -30
-1 21 -29
-2 20 -21
-2 20 -12
-3 19 -2
-3 18 0
-7 18 1
-1 17 3
0 15 10
0 10 15
0 10 18
1 10 18
0 7 18
0 5 11
0 1 12
0 0 12
0 -1 12
0 -3 12
0 -4 11
0 -5 10
0 -9 10
0 -9 9
0 -10 7
0 -9 4
0 -8 3
0 -6 5
0 -4 3
0 -1 5
0 0 5
-1 0 6
-1 1 7
-3 2 7
-3 6 7
-1 8 3
-1 8 2
0 11 5
0 13 7
0 18 5
0 20 5
0 20 1
0 20 3
0 19 1
-1 18 1
-1 13 1
-2 12 3
-2 10 5
-1 10 5
-1 10 5
0 10 8
0 10 7
0 10 7
0 9 3
0 9 2
0 8 0
-2 7 0
-2 5 0
-2 6 -1
-1 3 -5
0 0 -9
0 0 -9
0 0 -10
0 0 -11
0 2 -12
0 9 -11
0 10 -12
0 10 -15
0 10 -10
0 11 -3
0 10 0
0 10 10
0 10 15
0 8 21
0 7 30
0 5 37
0 9 40
0 11 45
-1 12 49
-3 18 49
-5 21 55
-5 22 58
-7 25 60
-7 27 60
-8 21 68
-9 20 69
-10 20 78
-10 19 78
-10 17 80
-10 15 83
-10 15 85
-10 12 77
-10 15 71
-10 12 69
-10 15 59
-10 15 59
-10 15 60
-10 10 63
-10 10 65
-10 10 69
-10 10 71
-10 10 69
-10 11 65
-10 10 60
-10 10 60
-10 10 62
-8 12 62
-8 12 60
-8 10 61
-5 8 53
-5 8 51
-5 5 57
-5 9 55
-5 11 50
-3 19 50
-5 21 45
-5 28 43
-5 32 40
-5 35 40
-5 38 41
-8 32 43
-8 28 47
-8 25 49
-8 19 51
-10 10 59
-10 0 63
-10 -5 70
-10 -15 60
-10 -20 54
-10 -21 48
-10 -22 40
-10 -22 38
-10 -22 40
-10 -19 32
-10 -15 30
-10 -15 28
-10 -15 20
-7 -12 20
-9 -12 20
-10 -11 22
-9 -10 23
-7 -10 35
0 -10 45
-2 -8 60
-5 -7 70
-5 -8 0
-1 -8 -5
-1 -2 -12
0 -2 -11
0 0 -7
0 0 0
0 1 7
0 3 18
0 8 19
1 10 19
1 11 15
2 18 9
3 18 11
5 19 18
5 20 19
5 25 18
8 28 27
9 28 28
9 28 25
9 28 30
9 31 25
9 35 12
8 40 12
7 42 12
5 43 20
3 46 19
1 46 20
0 44 20
0 42 18
0 37 18
0 30 12
0 25 18
0 21 18
0 20 18
0 20 20
0 19 19
0 19 20
-1 17 20
-1 12 15
-1 9 10
-2 7 10
-3 7 10
-3 3 10
-3 0 10
-2 -7 10
-1 -11 10
0 -11 10
0 -11 10
0 -12 10
0 -15 10
0 -18 7
-1 -20 7
-1 -22 7
-1 -25 2
-2 -27 3
-2 -28 2
-2 -30 2
-1 -28 1
-1 -25 0
0 -28 1
0 -29 2
0 -28 3
0 -22 -1
0 -20 -10
-1 -18 -20
-3 -17 -20
-3 -12 -23
-7 -11 -32
-7 -9 -29
-5 -7 -20
-4 -2 -11
-1 0 -10
-2 0 -7
-3 0 -5
-3 1 -5
-3 5 -5
-1 8 -5
0 10 -5
-1 10 -11
-1 13 -18
-1 13 -20
-1 15 -20
-2 18 -20
-3 18 -21
-7 18 -20
-8 17 -23
-8 18 -32
-11 18 -32
-8 18 -30
-9 21 -32
-10 20 -35
-10 17 -32
-11 12 -31
-11 10 -32
-11 10 -32
-12 10 -30
-12 12 -29
-11 11 -30
-8 10 -30
-8 10 -29
-7 12 -29
-5 15 -30
-2 17 -30
-1 12 -29
-1 11 -32
-1 12 -42
-0 15 -41
-1 15 -45
-3 11 -51
-7 10 -53
-8 10 -57
-3 10 -58
-3 10 -58
-3 11 -58
-3 11 -53
-7 10 -52
-3 10 -53
-3 10 -55
-1 10 -52
0 10 -51
0 10 -50
0 12 -57
0 13 -55
0 13 -56
0 10 -58
0 10 -58
-2 10 -62
-2 9 -60
-3 9 -61
-2 9 -60
-1 8 -62
-2 8 -63
-6 8 -65
-6 8 -68
-7 7 -69
-7 0 -61
-3 0 -61
-2 0 -60
-1 0 -61
0 0 -60
0 0 -60
