9 -12 0
10 -11 -8
9 -19 -78
2 -11 -65
8 -30 -52
7 -29 -33
-9 -18 -10
-15 -5 9
-10 -12 18
-9 -13 8
0 -11 20
-1 -10 18
-9 -12 10
-8 -22 30
0 -19 28
1 -29 2
8 -20 1
9 -10 5
4 0 15
8 -13 23
10 -19 23
8 -40 37
9 -40 25
9 -29 35
10 -45 45
18 -50 55
9 -50 60
9 -58 62
3 -59 70
3 -43 50
10 -42 75
20 -37 31
10 -52 22
11 -30 34
15 -39 15
17 -21 25
13 -20 30
12 -13 28
11 -11 30
11 -25 38
7 -30 30
9 -40 30
18 -40 31
21 -43 42
-5 -39 34
-15 -45 52
-20 -40 70
-20 -35 50
-22 -40 60
-25 -41 80
-31 -37 85
-40 -38 85
-39 -40 72
-31 -39 70
-29 -22 70
-20 -11 79
-18 -22 86
-18 -25 75
-19 -32 85
-18 -41 80
-13 -30 90
-22 -20 60
-10 -23 80
-1 -50 90
-10 -42 65
-8 -45 60
-1 -50 65
0 -45 67
-1 -35 70
2 -20 65
10 -22 69
10 -30 70
-2 -25 65
0 -10 63
-10 -20 61
-18 -15 54
-28 -15 50
-31 -15 50
-35 -5 45
-50 10 45
-65 -20 35
-61 -19 25
-60 -19 15
-51 -18 -1
-48 -20 10
-50 -22 8
-48 -19 22
-45 -21 35
-30 -30 68
-19 -38 68
-3 -40 62
-2 -32 60
-12 -40 50
-11 -43 125
-12 -59 200
-7 -55 211
-8 -51 211
-8 -61 209
-12 -61 208
-21 -62 202
-25 -55 200
-13 -61 199
-11 -59 198
-2 -62 194
0 -67 190
9 -59 190
16 -68 191
11 -80 190
11 -69 188
5 -67 131
6 -65 179
7 -62 179
18 -38 178
5 -30 165
-1 -23 155
0 -18 158
25 -35 160
26 -50 155
10 -40 135
10 -35 158
1 -21 160
2 -39 155
11 -35 140
11 -39 135
0 -40 127
0 -40 90
-2 -32 65
-21 -36 45
-21 -30 48
-22 -30 50
-20 -28 50
-10 -23 50
0 -13 45
22 -11 52
25 -10 40
21 -10 50
0 0 40
0 0 45
2 10 35
10 -8 35
3 1 30
3 0 21
2 -5 39
0 -9 45
13 -11 40
10 -10 18
13 0 25
13 2 15
15 8 5
19 0 -2
31 -8 10
32 -5 -2
30 0 -7
27 7 6
18 -2 -8
15 -22 10
8 0 20
-2 -7 41
0 -7 25
0 -5 25
-5 -2 15
-18 -9 10
-12 -5 10
-20 9 -8
-20 0 -12
-22 0 15
-49 -8 25
-40 -2 5
-40 -9 18
-43 0 25
-40 1 15
-50 0 29
-45 -17 28
-42 -20 15
-41 -20 -2
-40 -11 -5
-32 -5 -18
-39 -9 -45
-25 13 -100
-30 18 -160
-11 19 -135
-21 29 -112
-18 25 -111
-17 20 -110
-20 11 -85
-29 3 -80
-39 -10 -69
-30 -16 -55
-40 0 -40
-40 -10 -29
-35 -20 -110
-35 0 -130
-29 -10 -120
-22 0 -130
-29 12 -110
-19 0 -95
-10 9 -95
-3 -10 -80
-30 -18 -76
-29 -12 -75
-18 1 -75
0 -20 -59
-30 -50 -55
-42 0 -79
-22 0 -80
-30 -21 -60
-37 20 -60
-30 -10 -48
-20 -11 -30
-20 0 -35
-9 -20 -20
-8 -50 -5
-11 -18 -15
0 1 0
20 -35 15
5 -35 -10
-1 -22 5
0 -26 -5
0 -21 3
0 -13 -3
9 -15 3
9 -18 20
-3 10 28
10 19 25
21 -10 39
11 -19 35
10 -38 45
0 -38 35
-8 -40 25
-9 -29 35
-1 -32 50
-2 -60 50
-2 -100 40
-5 -129 40
-28 -80 45
-20 -95 -12
2 -100 10
-20 -155 48
-60 -150 15
-70 -135 -5
-52 -120 -35
-58 -39 -5
-30 -70 10
-45 -150 20
-110 -150 20
-109 -169 -12
-109 -155 -50
-105 -99 -45
-80 -180 -40
-90 -200 -10
-150 -230 -38
-189 -250 -70
-199 -260 -95
-190 -220 -131
-120 -120 -170
-68 -20 -115
-20 -86 -60
-30 -90 -20
-38 -80 -40
-12 -90 -40
-7 20 -35
50 80 -45
79 10 30
35 0 51
30 67 -10
60 90 -95
80 90 -70
80 -59 -62
10 0 -140
30 -25 -150
50 -81 -125
10 -80 -130
0 -50 -210
10 0 -210
33 70 -165
60 120 -113
110 179 -43
140 190 -45
150 220 -10
200 250 59
218 270 90
230 288 130
250 288 215
281 -208 30
-82 -240 -139
-140 -270 -155
-150 -270 -190
-150 -279 -219
-230 -279 -219
-231 -278 -220
-227 -277 -230
-200 -263 -230
-150 -170 -228
-80 0 -225
10 90 -210
80 160 0
160 235 100
205 290 200
260 297 220
280 90 220
70 -30 30
-8 -20 -20
10 40 -40
38 50 0
0 -7 60
-31 10 45
0 30 0
-20 -89 45
-30 -82 0
-45 -120 -35
-110 -203 -30
-140 -200 -80
-135 -180 -90
-112 -90 -120
-80 -70 -128
-30 -10 -65
-5 19 -10
20 32 35
23 29 65
20 40 62
25 70 -28
42 60 0
20 45 -1
18 40 -35
12 80 -20
15 89 10
29 99 15
50 118 25
65 143 49
72 158 60
78 90 65
40 33 65
0 3 5
2 -11 -15
0 -40 5
-10 -90 5
-50 -77 5
-70 -22 -10
-45 -22 -25
-37 -5 -25
-20 18 5
-9 40 28
1 58 18
3 60 40
19 79 51
21 65 61
11 40 60
15 20 78
0 10 65
-10 -30 60
-31 -39 65
-32 -32 60
-58 -70 52
-50 -72 30
-50 -59 25
-40 -52 30
-39 -40 35
-40 -29 40
-38 -42 60
-35 -60 88
-60 -60 70
-69 -62 60
-68 -80 50
-67 -78 10
-45 -35 15
-35 -30 30
-20 -10 60
-10 5 70
0 39 65
10 20 71
10 18 79
19 28 65
5 15 75
3 -8 85
9 -20 95
0 -9 45
9 9 40
10 19 40
25 30 -90
49 40 -72
52 55 -65
49 55 -50
45 50 -15
41 25 -5
39 -22 -50
2 -29 -20
1 -45 -35
-10 -40 -30
-10 -5 -40
-8 -5 -12
15 2 -18
15 5 -5
20 38 -1
22 50 25
30 0 50
10 -35 50
-12 -50 26
-12 -30 0
-19 -70 -40
-19 -80 -12
-30 -90 -15
-50 -92 -25
-50 -90 -25
-60 -110 14
-80 -125 -30
-81 -133 10
-85 -115 -7
-80 -80 -5
-60 -40 0
-40 0 8
-10 40 25
10 58 65
10 100 85
32 85 100
11 85 110
19 115 105
35 90 112
20 18 120
-40 0 90
-42 5 70
-18 100 50
41 172 90
-20 -40 140
-70 -110 140
-100 -138 40
-100 -143 43
-112 -141 0
-130 -148 -12
-111 -100 -18
-115 -68 -12
-90 95 -20
-5 110 18
19 22 100
-10 -130 119
-81 -230 60
-160 -249 -29
-191 -125 -80
-105 -122 -120
-70 -170 -51
-90 -192 -11
-109 -220 -37
-129 -220 -62
-141 -105 -90
-110 -38 -128
-20 -50 -72
-30 -59 29
-40 -120 0
-58 -120 -20
-76 -81 -48
-41 -5 -62
9 279 -22
140 260 -10
260 219 160
129 183 180
121 220 111
148 119 110
75 59 130
49 -20 69
12 -61 47
-17 -77 18
-15 -80 3
-19 -85 -1
-29 -20 2
-10 -11 2
5 -52 50
-2 -69 53
-38 -40 11
-31 -50 1
-9 5 35
-2 33 40
11 51 70
40 50 70
41 33 70
43 17 105
41 9 91
36 -19 82
29 -50 105
11 -20 130
3 -11 108
10 -10 119
23 -20 111
28 -10 121
40 -10 112
40 -11 111
38 -20 103
21 -28 120
19 -18 102
15 18 110
10 19 118
15 0 118
5 10 112
10 2 100
3 -1 90
-9 8 81
-10 19 82
-9 5 92
-20 0 88
-30 -10 60
-25 -38 -8
-11 -51 -7
-19 -33 -9
-9 -17 -52
-13 -8 -55
-12 -21 -72
-8 -11 -29
-8 -15 -28
-13 -1 -28
-7 10 -12
8 14 2
-11 -10 13
-21 -3 27
-15 -8 0
-19 -19 -2
-28 -20 -1
-40 -11 12
-11 -11 -58
-9 -9 -25
2 -3 -18
9 -8 -8
2 0 0
1 -18 -9
0 -32 -9
5 -42 19
2 -70 1
-18 -60 -19
-21 -52 -6
-19 -51 -31
-19 -53 -3
-18 -27 -12
-29 -41 10
-20 -40 17
-19 -29 3
-28 -20 -19
-19 -19 7
-7 -42 19
-18 -42 2
-32 -57 1
-40 -52 -17
-40 -22 -29
-15 -18 -28
-12 -20 -42
-19 -21 -60
-11 -30 -69
-9 -30 -42
-8 -32 -43
9 -20 -9
11 -29 7
13 -20 9
11 -29 11
10 -49 21
11 -30 40
23 -19 40
18 -11 31
29 -6 37
31 -12 38
18 -7 33
28 -29 31
23 -9 61
29 -9 45
7 -3 38
8 18 60
11 1 75
3 10 71
1 1 73
-9 18 78
-7 -9 65
1 0 81
2 11 62
0 0 72
-7 -5 83
-9 -4 90
0 -11 95
1 0 65
-9 12 89
-10 1 49
-10 -2 -11
-7 -7 1
-25 -19 -1
-28 -30 -11
-31 -31 -1
-41 -22 -9
-40 -18 10
-26 -10 10
-30 -22 18
-18 -7 23
-29 -9 8
-15 -12 9
-23 -32 10
-17 -30 -10
-25 -29 0
-20 -7 -20
-15 -19 -15
-11 -15 -17
-10 -17 -11
-9 -27 -19
-12 -42 -33
-15 -40 -50
-11 -42 -48
-6 -12 -57
0 -20 -50
-15 -20 -41
-20 -42 -50
-13 -28 -31
-18 -28 -151
-20 -20 -222
-10 -7 -230
-11 9 -230
-19 -1 -230
-10 -7 -230
-8 -9 -230
2 -22 -230
-10 -43 -230
-8 -49 -230
-8 -52 -230
-8 -60 -230
-13 -57 -230
-13 -48 -212
-10 -38 -212
-1 -12 -210
-5 -9 -209
12 -10 -179
19 -8 -205
22 -9 -212
38 9 -230
30 0 -230
19 -11 -230
17 -31 -230
19 -37 -230
18 -58 -230
10 -60 -230
2 -61 -230
-12 -57 -230
-2 -41 -230
-11 -37 -230
-18 -29 -230
-9 -31 -230
-18 -39 -230
-11 -38 -230
-19 -29 -230
-20 -35 -230
-20 -40 -230
-21 -40 -230
-20 -35 -230
-23 -48 -230
-19 -40 -230
-41 -41 -230
-30 -41 -230
-35 -39 -230
-49 -69 -230
-61 -59 -230
-59 -45 -230
-61 -47 -215
-51 -38 -150
-49 -29 -88
-58 -21 -31
-47 -26 -50
-41 -30 115
-41 -31 160
-39 -40 172
-38 -42 185
-30 -57 191
-19 -54 209
-11 -69 215
-9 -82 220
-8 -81 220
-15 -72 220
-7 -81 220
-7 -72 220
-7 -80 220
-8 -51 220
-6 -35 220
-8 -41 220
12 -31 220
18 -49 220
21 -38 220
18 -37 220
13 -30 220
18 -19 220
11 -33 220
2 -38 220
9 -31 220
20 -40 220
13 -61 220
20 -70 220
11 -69 220
20 -60 220
9 -40 220
18 -40 220
13 -20 220
7 -18 220
1 -12 220
1 -33 220
0 -31 220
-2 -40 220
-10 -43 220
-1 -60 220
-2 -55 220
-8 -50 220
-28 -47 220
-31 -51 220
-23 -48 220
-15 -39 220
-11 -40 220
-18 -58 220
-11 -21 220
-21 -32 220
-17 -38 220
-17 -30 220
-5 -37 220
0 -37 220
7 -31 220
6 -40 220
-2 -60 220
-1 -53 220
-7 -48 220
-11 -49 220
-10 -40 220
-18 -30 220
-9 -8 220
-6 -18 220
10 -8 220
13 -8 220
7 -20 220
-2 -28 220
-7 -48 213
-8 -43 210
-9 -52 211
-10 -20 210
-23 -18 209
-20 -12 201
-18 -11 195
-12 -8 191
-9 1 198
-7 0 198
-10 8 201
-18 -9 200
-8 -20 200
-11 -18 196
-13 -11 190
-9 -19 189
-8 -9 185
-8 0 175
-9 -8 180
-9 0 178
-10 -13 173
-11 -11 165
-9 -10 170
-10 0 172
-1 8 149
-8 6 145
-3 32 159
8 31 179
18 43 170
11 29 180
13 23 181
15 28 171
27 15 179
22 19 160
22 18 162
17 19 161
18 21 160
1 16 177
-7 29 170
-1 21 151
0 20 156
0 30 162
8 30 162
0 22 148
1 32 152
0 30 133
-1 32 125
-11 29 100
-9 20 108
0 23 93
0 29 112
9 38 90
19 30 80
18 40 89
19 33 85
13 15 100
11 0 90
18 11 83
17 3 98
16 -9 110
23 1 90
7 0 71
14 1 72
20 1 71
29 -10 90
10 2 110
30 27 101
35 18 109
41 22 98
32 30 109
29 40 98
38 43 111
21 50 112
20 48 97
11 40 79
8 23 77
11 12 49
-8 22 30
-11 3 29
-11 9 30
-15 -10 3
3 8 38
-10 18 40
-8 27 37
0 18 36
12 10 30
8 20 51
10 10 42
11 1 61
18 0 58
10 -8 53
0 -13 60
-7 -12 67
-9 -30 42
-9 -22 29
-9 -40 49
-10 -35 59
-10 -29 59
-11 -32 49
-12 -12 61
-8 -10 70
-11 -30 65
-18 -30 60
-15 -33 81
-3 -40 51
-12 -23 67
-9 -40 70
-8 -28 71
-9 -33 70
-5 -28 63
-5 -9 60
0 -10 52
1 -8 60
1 -19 89
-13 -15 110
-3 -20 131
-4 -48 149
-8 -54 135
-11 -59 130
-18 -67 135
-29 -58 111
-22 -40 112
-21 -22 100
-11 -18 118
-11 -10 100
-21 -20 110
-21 -10 118
-18 -9 99
8 -12 112
-11 -9 117
-5 -11 103
-12 -3 100
-15 -25 101
-26 -2 120
-19 -18 109
-1 -13 91
0 -11 101
-8 -29 100
-12 -29 109
-12 -30 111
-9 -50 85
2 -49 65
9 -50 45
5 -53 -90
2 -68 -100
-7 -75 -105
-7 -71 -140
-5 -71 -210
-8 -82 -220
-19 -91 -220
-18 -100 -220
-12 -87 -220
-12 -90 -220
-2 -80 -220
0 -69 -220
0 -68 -220
1 -60 -220
2 -72 -220
1 -52 -195
3 -22 -199
0 -40 -159
7 -32 -131
13 -50 -128
13 -65 -109
-1 -80 -82
9 -82 -80
0 -90 -80
1 -89 -59
0 -81 -40
-9 -80 -50
-10 -91 -40
-3 -87 -20
-13 -90 -11
-31 -102 -9
-45 -87 -20
-51 -76 -13
-49 -100 0
-69 -88 0
-70 -77 29
-60 -52 18
-40 -42 39
-30 -48 70
-32 -63 81
-40 -110 75
-60 -120 71
-59 -130 62
-58 -138 60
-69 -143 69
-70 -142 65
-75 -132 53
-70 -112 50
-50 -101 51
-38 -77 75
-11 -74 100
-3 -79 85
-2 -83 80
-8 -90 79
-9 -95 81
11 -91 68
11 -102 79
0 -111 81
-8 -101 71
-1 -70 97
1 -68 85
-1 -58 105
-3 -70 102
-3 -77 80
-10 -80 50
-18 -71 38
-12 -91 60
-25 -109 3
-20 -91 -12
-21 -100 5
-8 -81 -17
0 -65 9
18 -35 12
29 -21 23
39 -21 25
28 -31 39
9 -40 41
3 -53 48
-1 -40 80
-1 -19 70
-2 -18 60
9 -10 72
17 -10 60
40 -2 50
40 7 51
19 23 58
10 43 50
18 51 29
25 42 49
19 50 32
31 60 45
61 49 48
52 10 51
32 10 45
-7 -2 35
-21 3 20
-48 18 9
-71 40 10
-70 35 32
-40 30 29
-12 41 32
0 50 22
1 61 41
12 50 25
22 42 0
19 38 -1
11 39 -42
0 20 -43
9 21 -30
-3 0 -50
0 -10 -38
21 -5 -30
19 0 -28
0 10 -8
-8 11 -32
-8 31 -35
-9 33 2
0 23 -3
1 41 -9
-10 31 -21
-20 57 -30
-11 59 9
-20 58 -10
-19 30 2
-12 9 19
-28 18 -20
-38 23 -140
-39 12 -123
-41 13 -120
-39 9 -110
-45 12 -139
-49 29 -67
-51 40 -51
-40 51 -31
-30 40 -19
-30 20 15
-30 -7 23
-39 -25 29
-60 -43 9
-71 -50 0
-75 -38 11
-95 -50 -18
-89 -31 2
-81 -21 18
-80 -8 20
-59 2 0
-49 9 42
-48 0 51
-31 9 48
-38 19 73
-50 8 55
-59 -3 59
-61 -15 39
-43 -8 45
-51 -1 52
-59 0 41
-59 18 50
-40 8 30
-41 3 29
-43 31 49
-19 29 49
-20 33 50
9 7 39
2 -3 39
2 -15 23
13 -8 22
12 -1 29
11 3 2
29 28 40
29 21 51
25 13 62
29 15 60
30 11 70
9 3 71
8 3 35
-10 -5 42
-11 -3 35
-2 9 40
-18 -8 38
-8 14 20
-9 23 50
2 38 50
-2 55 60
-8 58 60
-7 50 60
-25 50 51
-9 32 70
-19 18 67
-25 3 40
-51 -31 69
-61 -35 39
-72 -19 10
-61 -29 -11
-70 -10 19
-70 -10 30
-43 12 45
-40 32 58
-8 52 59
8 49 79
-11 42 82
-8 19 79
-10 -10 83
-28 -21 61
-29 -35 66
-29 -41 71
-37 -35 43
-32 -40 70
-20 -48 61
-4 -12 60
-3 11 60
-6 28 78
18 20 111
2 17 91
10 2 97
13 -22 98
-2 -41 82
0 -62 52
2 -71 63
-19 -72 59
-20 -88 62
-3 -85 70
7 -50 67
19 -8 72
50 0 86
50 -28 92
55 35 87
52 12 82
48 -7 80
32 -38 68
21 -18 62
10 -39 52
11 -48 42
11 -33 60
10 -31 53
18 -29 49
10 -30 50
11 -19 37
37 -14 52
33 0 31
12 9 60
20 -21 70
18 -37 59
3 -40 48
-3 -78 28
-3 -94 20
-33 -90 9
-33 -71 18
-23 -38 -2
-10 -13 -9
2 19 0
22 42 11
48 40 0
69 1 40
41 -19 60
21 -21 -5
11 -42 0
2 -32 2
-1 -40 3
17 -69 21
0 -60 35
-8 -70 30
0 -61 50
1 -47 70
9 -21 61
10 -20 65
10 -28 80
6 -32 62
3 -30 71
-9 -39 70
-15 -35 51
-10 -51 60
-10 -59 80
-21 -43 72
-12 -41 45
-12 -38 69
-12 -30 90
-20 -17 70
-10 0 70
2 40 105
18 42 170
21 33 180
29 39 193
20 30 209
20 0 220
21 -30 228
3 -48 -133
-11 -45 -150
0 -20 -152
-2 -30 -105
-28 -31 -23
-29 -19 205
-20 3 230
-22 9 230
-15 10 230
-18 -5 230
-9 3 230
0 7 230
0 -35 230
8 -40 230
-7 -49 230
-15 -32 230
-29 -20 230
-23 0 230
-18 28 230
-3 60 230
3 71 230
11 88 230
33 89 211
31 90 200
39 80 199
18 59 183
1 35 161
-10 -10 110
-33 -51 70
-40 -51 18
-49 -58 -21
-55 -59 -28
-52 -31 -50
-42 -15 -90
-40 15 -95
-20 31 -108
-2 80 -112
20 92 -110
39 80 -101
31 80 -119
29 71 -138
10 39 -122
33 0 -129
-3 -28 -141
-8 -38 -191
-39 -25 -172
-40 -20 -192
-29 -32 -210
-23 -23 -201
-25 -9 -212
-25 32 -212
-9 60 -211
3 63 -200
19 59 -179
15 50 -180
9 50 -155
-1 20 -165
0 32 -159
0 15 -160
-9 3 -180
-9 -5 -170
-10 -8 -180
-28 -10 -199
-29 -18 -210
-39 12 -208
-20 42 -211
-10 19 -198
-11 11 -195
0 9 -192
-5 -10 -203
-9 -22 -185
-11 -40 -195
-18 -40 -200
-25 -22 -211
-19 -22 -206
-21 -8 -210
-21 -8 -201
-10 -1 -202
0 11 -197
-3 20 -202
8 18 -210
0 9 -230
-10 2 -230
-28 18 -230
-31 -1 -230
21 3 -230
-25 1 -230
-27 19 -230
-22 29 -230
-20 11 -230
-32 9 -230
-39 2 -230
-40 20 -230
-31 26 -230
-38 23 -230
-24 31 -230
-19 42 -230
-2 69 -230
-9 12 -230
1 10 -230
5 19 -230
9 0 -230
18 -50 -230
9 -69 -230
12 -61 -230
15 -88 -202
30 -99 -108
20 -108 -108
11 -135 -49
11 -177 -49
1 -190 -48
-15 -200 -49
-22 -201 -119
-31 -191 -119
-31 -160 -128
-2 -126 -220
15 -112 -210
30 -100 -190
31 -100 -162
32 -118 -142
43 -141 -138
43 -139 -160
20 -132 -168
8 -120 -179
-1 -110 -168
19 -109 -169
10 -140 -160
-3 150 -149
-13 -161 -160
-20 -172 -160
-43 -172 -168
-60 -169 -181
-69 -159 -169
-72 -130 -171
-71 -91 -160
-59 -71 -143
-44 -41 -123
-29 -48 -100
-32 -35 -105
-47 -60 -90
-25 -52 -80
-20 -70 -72
-21 -83 -90
-13 -99 -103
-10 110 -110
0 -90 -119
11 -40 -119
25 -31 -111
18 -38 -90
4 -10 -98
-3 -11 -80
0 0 -65
2 0 -48
1 0 -41
0 -2 -39
1 -32 29
2 -50 15
-2 -68 8
-11 -85 3
-12 -85 0
-28 -99 -26
-49 -88 -20
-80 -59 -31
-80 -64 -22
-81 -60 -11
-80 -59 -19
-71 -30 -40
-30 -10 -28
-9 15 -21
11 32 -9
32 15 -18
58 16 0
41 -10 0
30 -20 0
-1 -70 -20
-9 -75 -40
-33 -78 -52
-49 -53 -70
-41 -22 -72
0 2 -52
3 9 -40
19 11 -21
22 11 -3
18 0 -20
32 -40 -33
40 -68 -49
25 -68 -69
10 -67 -70
20 -63 -69
40 -59 -52
41 -61 -69
41 -51 -61
40 -40 -65
33 -33 -50
58 -50 -30
51 -50 -69
31 -78 -79
11 -70 -80
19 -60 -69
9 -60 -79
-9 -58 -62
-14 -60 -59
-5 -52 -61
0 -61 -50
1 -40 -45
0 -29 -45
0 -41 -59
-8 -35 -29
-10 -53 -40
-10 -70 -50
-30 -90 -48
-53 -97 -55
-70 -87 -40
-70 -70 -59
-62 -31 -31
-25 -8 -31
-27 30 -28
3 38 2
18 35 25
11 1 27
8 -8 20
0 -11 10
-10 -19 0
-20 -31 -10
-31 -11 -20
-32 0 -48
-28 1 -49
-21 16 -39
-21 17 -21
-17 -10 -19
-18 -41 -12
-29 -61 -23
-40 -80 -47
-60 -50 -53
-40 -20 -58
-28 12 -50
-19 43 -26
0 50 -18
15 51 12
42 45 -18
30 40 -9
28 -8 3
22 -7 -28
13 -5 -23
8 -31 -47
0 -40 -50
5 -40 -50
2 -32 -30
6 -18 -19
2 -7 -20
-5 10 12
-19 19 0
-20 21 0
-37 -16 -5
-29 -11 0
-41 0 7
-45 0 0
-50 9 15
-51 21 -2
-41 28 18
-28 9 29
-28 -18 30
-18 -28 3
-11 -10 7
-25 -18 11
-12 -20 -8
-12 0 -10
-13 0 -15
-11 10 -10
11 23 -7
9 18 13
13 20 21
22 30 48
18 14 38
22 10 31
41 18 27
43 15 10
53 18 28
50 8 18
30 0 -3
23 -13 -20
7 -28 -28
0 -48 -30
-18 -58 -29
-21 -61 -32
-47 -48 -38
-28 -45 -40
-20 -38 -29
-20 -9 -11
-11 10 -20
-3 23 -11
0 42 -10
10 60 10
10 60 11
5 63 11
-8 45 9
-12 35 -3
-21 12 -10
-17 19 -20
-20 7 -21
-8 7 -19
-2 11 -20
-9 2 -10
-5 11 -20
-3 12 -20
-9 0 -20
-10 -7 0
-13 -8 -6
-18 -10 18
-10 -19 11
-5 -30 21
-10 -31 19
-3 -41 8
-5 -40 -11
-13 -27 -2
-9 -13 23
-10 -8 40
-1 -3 40
1 -10 50
0 -10 59
-10 -3 32
-9 -10 20
-11 -38 12
-5 -33 10
-13 -52 3
-7 -60 -2
0 -78 -15
-8 -58 -11
-18 -47 -30
-8 -20 -29
1 -9 -11
-1 -10 -9
-8 12 0
0 10 9
28 11 29
32 9 18
33 -15 9
31 -40 11
20 -50 -1
15 -60 0
11 -60 -10
-2 -62 -18
-1 -81 -18
-11 -70 -18
-10 -78 -20
1 -90 -21
-12 -78 -31
-26 -85 -40
-35 -73 -45
-21 -50 -45
-11 -29 -29
-2 -28 -31
1 -20 -30
0 0 -20
1 -9 -20
0 -18 -28
-1 -19 -20
0 -5 -21
1 7 -31
19 21 -19
20 18 -8
28 11 -7
19 22 0
18 10 21
21 -11 10
23 -12 11
14 -17 18
-18 -50 0
-12 -57 -1
-2 -59 -10
-18 -40 -28
-22 -31 -10
-20 -28 -5
-28 -11 0
-20 -12 0
-12 -10 10
0 10 8
-10 9 5
-9 9 11
0 0 14
-10 5 42
-16 -8 32
-28 -13 29
-28 -12 15
-38 -11 9
-30 -11 9
-30 -21 13
-17 -30 1
-6 -30 2
-18 -19 4
-3 -18 18
0 -18 3
11 -17 12
-1 -18 8
-18 -31 -12
-25 -40 -18
-31 -42 0
-30 -40 -10
-20 -40 -20
-20 -39 -11
-9 -22 0
-3 -10 -22
8 0 1
-6 10 -62
-1 8 -50
9 0 -40
1 18 -41
-3 -11 -50
-2 -27 -40
-9 -32 -68
-1 -31 -65
-3 -30 -72
1 -40 -70
1 -57 -60
0 -40 -59
0 -29 -45
-12 -25 -40
-22 -23 -50
-28 -12 -60
-10 -28 -40
-20 -21 -50
-21 -32 -45
-20 -30 -38
-12 -13 32
-5 -12 -39
-7 -2 -35
-2 -11 -19
-12 -15 -21
2 -12 10
10 -10 0
11 -13 9
15 -20 25
11 -7 31
8 -20 0
0 -18 3
1 -19 15
-8 -31 19
-2 -31 18
9 -20 10
-1 -29 10
-12 -9 12
0 -2 22
-10 -19 20
-1 -21 9
8 -40 1
-10 -49 1
-1 -40 9
-10 -40 10
-19 -53 19
-13 -57 20
-28 -50 27
-29 -62 19
-34 -50 20
-33 -50 0
-22 -40 -9
-18 -42 2
-11 -38 12
0 -18 20
-3 -41 7
10 -28 10
7 -31 16
11 -17 10
18 -18 10
4 -16 10
10 -20 29
11 -27 35
30 -25 21
20 -11 32
30 0 15
30 1 20
31 15 12
30 13 11
28 0 19
20 -7 18
11 7 -10
9 13 10
10 19 10
15 0 10
12 0 29
3 11 22
2 -1 39
8 1 38
-9 0 41
-10 9 35
2 -15 31
-8 -32 49
-1 -28 51
-10 -25 42
-2 0 50
-4 -9 39
0 -19 31
2 -9 30
19 -30 29
3 -29 30
2 -21 21
-9 -1 -5
-19 -1 -20
-20 1 -29
-30 -10 -18
-35 -22 -18
-29 -21 -28
-30 -18 -15
-28 -7 -9
-33 -11 -19
-23 -21 -8
-20 -29 -5
-22 -20 -2
-10 -19 -5
-12 -18 -8
-11 -15 -20
-8 -21 -5
-1 -22 -5
-7 -28 3
-10 -11 19
5 -25 -9
-2 -38 -10
0 -40 -18
-3 -27 -39
7 -10 -11
11 -12 -29
-1 -20 -20
0 -22 -25
3 -11 -15
10 -19 -18
0 9 -8
-8 5 0
0 5 1
-5 28 -1
-17 15 -2
-21 -8 18
-20 -1 19
-39 0 7
-59 -2 0
-61 19 0
-69 12 5
-77 19 -10
-79 22 2
-69 8 20
-70 19 38
-75 19 32
-73 -1 40
-80 -1 65
-83 10 60
-81 28 59
-70 0 49
-61 0 60
-69 -20 50
-52 -2 48
-51 0 60
-45 -1 45
-38 1 40
-29 0 50
-31 -2 48
-11 11 52
-1 -2 -29
-9 -9 -18
-9 0 -21
-1 -9 1
-3 -10 -10
-10 1 0
-17 0 9
-10 -1 0
0 9 5
-10 -3 -9
-11 1 0
-18 -7 -9
-29 -11 -1
-20 -9 -10
-20 -12 -10
-20 -8 0
-22 -9 -8
-17 -9 -5
-22 8 0
-11 11 -10
-13 -3 -11
-19 -7 0
-10 9 -8
-2 2 -3
0 1 -21
-1 -8 -19
-1 5 -21
1 5 -29
3 -5 -28
1 -7 -31
11 -7 -29
-5 -2 -15
13 -2 -10
10 -10 -29
37 -7 -15
32 1 -8
19 -9 -1
11 -8 -7
12 -6 -1
-1 -11 12
-7 -11 13
-12 -8 28
-10 -1 29
-17 8 28
-6 -3 22
0 0 31
8 0 29
11 0 29
11 0 29
20 -10 19
31 -30 10
39 -31 12
39 -29 12
29 -20 9
23 -18 8
30 -11 11
26 -9 19
10 -9 17
10 0 6
-1 3 13
10 -8 5
19 -3 0
12 -17 10
19 -31 23
23 -39 20
29 -40 9
13 -31 9
18 -32 19
22 -38 29
19 -29 31
20 -27 30
20 -38 29
28 -42 35
21 -51 18
23 -50 10
36 -49 31
20 -42 10
12 -22 22
10 -28 30
1 -39 24
10 -22 20
20 -30 11
21 -28 29
19 -27 30
18 -22 38
19 -10 25
20 -19 26
29 -9 18
15 -20 30
19 -18 9
-9 -18 9
15 -3 39
19 -10 32
11 -18 21
9 -25 10
10 -40 29
28 -41 31
18 -19 38
18 -28 29
19 -40 22
19 -30 21
-3 -29 0
-35 -29 31
-30 -43 12
-36 -40 0
-29 -8 1
-12 -38 1
-11 -41 12
0 -49 22
-13 -19 15
-17 -37 25
-18 -32 10
-22 -20 28
-41 -18 9
-51 -21 8
50 -9 28
-50 -20 21
37 -11 10
-28 -9 30
-40 0 25
-48 -20 31
-45 -21 20
38 -20 10
-40 -20 31
-39 -19 21
-53 -29 11
-51 -28 0
-38 -41 9
-25 -41 11
-32 -31 2
-11 -51 20
-13 -49 29
-20 -51 12
-11 -72 13
0 -51 2
-11 -40 9
-17 -40 10
-19 -34 1
-21 -20 14
-29 -31 25
-38 -31 25
-30 -33 20
-50 -30 22
-40 -11 29
-38 -29 31
-29 -42 40
-21 -25 51
-28 -30 48
18 -29 48
-19 -32 48
-9 -29 42
2 -30 28
19 -13 30
22 -27 28
20 -29 32
19 -21 39
11 -31 39
19 -17 3
20 -1 3
13 -21 2
18 -39 10
7 -31 8
13 -21 10
-10 -11 0
-28 -19 0
-35 -3 -10
-39 -10 -10
-50 -21 -9
-35 -21 0
-29 -32 12
-38 -20 -1
-28 -19 -10
-12 -39 -10
0 -40 -8
0 -29 -3
11 -28 -1
12 0 1
30 -13 11
19 -19 18
3 -8 22
1 -21 23
-11 -29 21
-21 -23 19
-30 -23 21
-30 -24 40
-40 -30 39
-37 -22 30
-30 -20 20
-19 -22 20
-12 -26 31
-28 -29 29
-20 -21 38
-20 -10 41
-22 -35 23
-31 -31 17
-40 -28 20
-29 -20 26
-31 -28 19
-32 -39 19
-31 -31 14
-27 -30 11
-8 -45 9
-9 -51 10
-7 -60 20
-1 -51 19
-8 -40 22
-6 30 21
-10 -50 19
-20 -40 11
-21 -50 10
-29 -53 19
-22 -61 11
-50 -52 21
-39 -53 29
-20 -31 31
-22 -25 25
-19 -40 27
-22 -40 31
-19 -48 27
-9 -39 0
-10 -31 11
-18 -40 1
-20 -70 -17
-22 -50 0
-18 -38 -1
-12 -40 -2
-19 -49 0
-10 -51 -9
-17 -44 -8
-9 -43 -10
-12 -29 2
-11 -27 -1
-5 -18 -7
-5 -7 2
3 -20 -9
1 -9 -21
-7 -19 -19
10 -30 -18
-1 -19 -20
-10 -10 2
-10 -25 0
0 -30 -5
-9 -20 11
1 -19 1
0 -13 19
15 -10 19
-2 -18 6
6 -8 19
1 0 12
-6 -20 17
-7 -15 29
-8 -18 29
-10 -20 39
-17 -25 39
-19 -15 31
-17 -19 30
0 -17 29
-19 -22 32
-13 -18 31
-17 -5 30
-8 0 35
-8 0 40
0 -10 39
1 -11 43
11 -13 -1
5 -19 2
0 -12 9
8 -11 -6
-5 -9 9
-1 -7 -8
0 -31 -5
-9 0 -1
-8 0 5
-8 0 31
-8 -10 20
-20 -28 29
-3 -12 11
-22 -10 1
-11 -10 20
-15 11 29
19 -7 23
-11 0 24
-3 8 39
-2 3 47
-9 1 43
-18 -3 57
-29 -8 42
-29 -10 50
-48 -9 39
-40 -18 21
-29 -28 2
-29 -19 30
-20 -2 30
-8 -19 29
-9 -11 47
-7 -21 19
-10 -22 1
-17 -21 9
-11 -40 12
-15 -19 49
-10 -19 21
-8 -10 9
8 -13 9
-7 -18 6
10 1 11
10 -11 -9
1 11 1
-1 -3 0
-3 -3 -10
-7 -5 -15
-2 0 -18
-10 -10 -19
-5 -8 -18
-9 -12 -31
0 -15 -37
-1 -9 -38
1 0 -30
0 -1 -20
-17 -1 -12
-9 -9 -3
-9 -2 7
-9 -4 9
1 -11 8
-2 -20 -1
1 -20 0
8 -18 0
15 -21 0
22 -22 25
22 0 -7
20 -9 -7
1 -10 -3
8 -3 7
10 -13 13
10 -10 29
0 -11 15
11 -15 21
3 -3 20
5 -33 9
19 -28 19
12 -2 18
12 -4 19
0 -37 11
-3 -17 9
0 2 30
18 11 30
18 3 35
20 -9 12
11 -3 29
0 -9 25
0 -22 30
3 -23 38
0 -25 40
-5 -31 41
-30 -19 51
-18 -18 52
-21 -12 42
-19 -20 59
-20 -45 60
-10 -29 59
-10 -38 50
-12 -38 48
5 -31 48
3 -31 70
1 -50 61
10 -55 53
0 -58 49
-3 -49 53
-2 -42 41
0 -50 41
-9 -55 59
-20 -58 48
-12 -50 38
-8 -71 47
0 -53 31
1 -62 25
-8 -53 42
-1 -68 51
-2 -50 41
2 -50 28
0 -50 41
-10 -48 41
-10 -46 45
0 -47 40
-1 -30 40
-21 -45 33
-21 -21 38
-28 -22 49
-28 -28 48
-28 -28 49
-27 -28 35
-19 -32 38
-40 -29 50
-30 -32 50
-32 -23 50
30 -34 38
40 -40 39
38 -31 28
20 -37 35
18 -60 53
19 -45 48
9 -41 40
1 -21 50
11 -22 35
19 -28 32
21 -30 0
11 -52 -30
3 -32 -33
3 -39 -28
20 -13 -39
6 -40 -60
10 -40 -42
5 -42 -30
9 -22 -40
1 -30 -30
9 -20 -28
-10 -27 -30
-9 -32 -30
0 -33 -42
-19 -30 -35
-11 -23 -61
-20 -40 -72
-21 -38 -58
-20 -42 -50
-20 -41 -53
-20 -41 -56
-11 -49 -47
-10 -50 -40
-11 -43 -39
-10 -32 0
-10 -45 -11
-8 -39 0
-4 -39 -3
-2 -27 -2
0 -38 1
10 -38 5
10 -35 15
12 -38 9
0 -39 -7
10 -39 12
12 -41 11
11 -28 40
19 -31 23
18 -31 25
18 -36 19
29 -30 20
39 -39 22
14 -40 29
5 -49 9
-18 -45 -2
-32 -37 -5
-50 -48 10
-69 -40 5
-49 -59 11
-39 -61 -10
-46 -50 -2
-41 -50 1
-41 -51 0
-55 -50 0
-43 -15 1
-39 -21 10
-30 -21 9
-37 -20 -10
-29 -21 11
-29 -20 -8
-21 -28 -8
-31 -31 -9
-41 -21 0
-31 -19 0
-31 -32 -7
-29 -31 -8
-28 -35 9
-22 -42 13
-40 -32 0
-40 -41 12
-50 -48 12
-59 -40 11
-58 -20 28
-49 -16 20
-55 -23 23
-59 -11 3
-45 -29 8
-49 -52 0
-40 -31 11
-40 -29 2
-21 -15 -8
-21 -19 -1
-9 -35 -10
-7 -29 -9
-11 -20 1
-21 -18 -8
-21 -20 12
-37 -23 21
-30 -19 9
-27 -18 28
0 -25 37
-3 -23 23
-9 -20 41
-2 -10 20
-15 -21 10
-5 -23 18
0 -21 9
-7 -5 0
-3 5 5
-19 -7 1
-18 8 -8
-11 11 -9
-16 8 -30
-5 -12 -9
-7 -11 10
0 -1 9
11 2 20
8 -1 29
1 20 41
19 31 49
12 18 50
22 30 61
29 59 60
35 77 70
32 51 75
32 45 79
28 43 70
20 31 60
30 30 43
31 18 60
23 12 52
22 10 50
21 0 50
11 -10 50
0 -9 40
-12 -11 29
-9 -30 32
-9 -51 19
-19 -60 -5
-30 -52 1
-27 -59 -3
-39 -59 -4
-48 -67 -22
-55 -71 -21
-49 -78 -45
-41 -72 -35
-31 -70 -41
-29 -80 -51
-31 -75 -51
-40 -81 -70
-50 -81 -50
-59 -70 -70
-60 -81 -49
-52 -80 -78
-59 -92 -50
-41 -81 -50
-31 -61 -45
-31 -63 -53
-51 -59 -47
-47 -58 -41
-51 -52 -40
-47 -48 -60
-49 -39 -48
-41 -59 -48
-31 -48 -55
-41 -50 -31
-39 -41 -32
-39 -39 -21
-40 -41 -19
-36 -55 -19
-38 -39 -29
-31 -30 -38
-29 -48 -43
-19 -18 -37
-19 -20 0
-19 -39 -9
-13 -29 -20
-27 -30 -22
-11 -20 -31
-13 -20 -38
-20 -19 -10
-12 0 -20
-11 32 -27
9 62 -21
29 68 9
22 61 29
11 62 12
12 51 1
10 48 -12
0 22 -10
-8 49 0
-11 3 9
-9 25 12
-10 21 12
-9 30 30
-1 41 30
-10 48 41
-9 60 52
-5 60 54
9 28 37
9 19 50
9 2 38
2 45 35
3 80 28
30 70 38
39 52 59
21 59 81
10 59 61
1 38 62
10 0 52
-1 -18 52
-9 -9 41
-19 -7 51
-2 -20 53
-29 -41 59
-39 -48 40
-48 -71 40
-41 -72 17
-52 -70 -9
-52 -62 0
-50 -63 -1
-50 -53 1
-42 -79 1
-33 -80 18
-32 -75 15
-12 -61 0
-7 -38 -8
-8 -47 -2
-3 -22 18
0 -23 10
12 -40 2
9 -53 -25
-9 -59 -21
-11 -63 -31
-28 -49 15
-19 -49 -12
20 -50 -30
-19 -57 39
-15 -57 -31
-18 -67 -38
-15 -50 -39
-23 -59 -42
-30 -53 -37
-38 -47 -22
-35 -72 28
-22 -50 -52
-29 -59 40
-40 -50 -30
-35 -50 -21
-27 -58 -20
-22 -42 -12
-11 -50 10
-10 -65 -19
2 -52 -20
9 -47 -7
5 -40 -30
0 -39 -20
-9 -52 -29
0 -48 -31
9 -39 -40
20 -62 -31
39 -52 -50
22 -71 -45
12 -59 -70
18 -59 -62
20 -57 -60
20 -45 -49
19 -41 -38
10 -30 -35
10 -41 -28
10 -35 -22
10 -18 -35
10 -12 -38
10 -22 -35
10 -12 -27
10 -17 0
10 -10 8
19 -5 -27
11 -13 -25
3 -12 -10
14 -2 -12
3 -3 -11
1 -5 3
0 -6 9
7 0 -5
10 -7 19
3 10 38
8 12 29
10 -7 25
11 -5 28
22 -18 41
33 -9 39
29 -19 49
19 -10 52
9 -29 53
19 -25 43
13 -22 40
25 -29 45
19 -18 40
13 -18 39
22 -10 43
28 -10 32
29 -9 40
39 -1 48
39 -12 35
39 -21 38
25 -12 33
18 7 28
28 -2 40
30 -22 49
32 0 38
31 -7 38
38 -11 18
31 0 9
37 -13 12
59 -12 21
53 -13 29
60 -19 60
62 -12 47
60 -19 58
62 -28 32
49 -29 59
39 -32 52
13 -22 52
-10 -30 40
-15 -32 40
-30 -45 50
-59 -50 50
-60 -50 41
-69 -41 31
-90 -38 40
-100 -31 29
-99 -29 43
-100 -40 51
-118 -31 29
-127 -32 32
-129 -38 32
-150 -43 11
-158 -41 29
-168 -21 15
-170 -19 -5
-150 -12 12
-132 -18 9
-120 -9 -18
-118 -21 -2
-98 -23 8
-78 -21 10
-60 -32 10
-41 -21 25
-20 -28 29
-18 -27 39
2 -35 55
18 -39 30
21 -29 25
50 -8 0
49 -7 -2
43 -2 -8
41 -10 -18
50 -9 -9
52 -11 -2
51 -19 8
49 -18 15
49 -10 21
40 -8 22
32 1 28
40 -20 25
45 -7 41
63 -5 30
65 -20 20
77 -17 35
71 -6 32
80 -20 49
72 -10 55
65 -10 40
67 -9 39
42 -3 59
41 -18 39
33 -15 48
20 0 45
17 -3 58
8 -8 53
-5 -20 39
-11 -21 32
-9 -18 39
-9 -11 11
-10 -10 59
-8 -10 59
-10 -20 61
-2 -20 62
5 -12 82
22 -33 95
25 -41 80
18 -39 91
5 -31 79
-5 -40 62
-12 -43 70
-21 -42 70
-31 -32 70
-21 -31 62
0 -27 53
21 -23 50
21 -23 33
20 -13 32
9 -25 39
0 -1 60
-28 -20 49
-51 -18 53
-58 -10 52
-60 -25 65
-61 -11 70
-80 -18 47
-88 -28 48
-90 -22 50
-81 -19 53
-90 -3 50
-51 -11 63
-109 -30 50
-100 -30 30
-91 -30 30
-93 -40 19
-80 -35 0
-90 -16 -3
-51 -28 -21
-40 -9 0
-45 -21 -2
-30 -23 -9
-31 -59 1
-13 -47 2
-15 -37 1
-6 -45 1
-2 -30 -27
5 -52 -3
9 -30 -8
0 -46 -19
10 -50 -10
9 -40 -1
1 -19 1
11 -18 8
8 -20 -9
9 -12 -5
9 0 -3
9 -17 0
10 -35 -11
0 -12 -8
11 -20 -20
21 -18 21
12 -31 19
9 -40 32
12 -33 30
20 -22 49
13 -9 52
3 -1 49
5 -11 21
9 -10 5
-2 -7 9
0 10 35
0 -10 30
-9 -18 21
-15 0 18
-22 -11 22
-30 -11 9
-49 -31 0
-21 -25 0
-20 -12 -2
-40 -7 -12
-39 -18 -13
-42 10 -35
-52 -6 -31
-32 -1 -29
-39 -15 -39
-49 -10 -22
-51 -30 -40
-50 -21 -49
-54 -5 -49
-59 -12 -51
-61 -9 -69
-58 -5 -80
-59 1 -53
-57 0 -41
-50 -10 -30
-47 -11 -33
-47 -10 -40
-39 0 -25
-50 -1 -49
-51 -7 -48
-51 -10 -40
-69 -10 -31
-80 -11 -15
-70 -11 0
-80 -21 -30
-61 -27 -38
-52 -39 -35
-60 -21 -22
-53 -31 -40
-52 -15 -50
-45 -21 -60
-70 -10 -39
-69 -20 -40
-67 -20 -28
-51 -10 0
-51 5 3
-59 1 2
-57 -1 1
-73 0 7
-62 -20 15
-61 0 0
-67 0 17
-59 10 9
-50 -1 13
-40 8 19
-30 -20 0
-32 -29 19
-51 -42 11
-49 -20 12
-43 -20 0
-38 -29 -1
-47 -29 -21
-38 -30 1
-42 -21 9
-53 -20 2
-40 -20 -2
-50 -39 -19
-49 -40 -6
-48 -50 -9
-33 -35 1
-22 -50 -20
-22 -49 -2
-11 -50 -8
0 -55 -1
2 -58 20
3 -69 2
2 -49 4
21 -50 12
20 -50 19
20 -40 21
21 -31 18
11 -25 18
19 -31 15
19 -38 12
11 -20 0
10 -29 -5
20 -21 2
9 -10 1
5 -22 -1
10 -12 5
13 -29 4
14 -42 0
18 -41 -9
20 -49 -10
22 -60 11
12 -39 -8
3 -32 13
11 -30 -15
11 -29 10
8 -31 1
-8 -39 20
-10 -25 53
-8 -28 49
-5 -21 50
2 -38 50
-1 -38 40
-10 -40 45
-7 -29 55
-12 -22 43
-18 -29 45
-10 -29 49
-12 -49 59
-2 -48 52
-9 -42 58
-10 -26 61
-11 -30 60
0 -21 59
-11 -31 60
-17 -31 50
-9 -45 40
-9 -41 58
-8 -40 51
0 -41 53
0 -18 42
0 -21 45
-3 -30 42
0 -31 30
0 -30 20
-5 -12 19
-3 -20 28
-9 -3 10
-10 -9 -10
-11 0 10
-12 -3 -20
-15 -10 -17
-12 -12 -29
-4 -22 -11
-9 -22 -8
-7 -11 -19
-2 -15 -8
-10 -10 -7
-7 -5 9
-5 -12 -10
-9 -29 -7
-11 -31 18
2 -29 29
-6 -37 0
-9 -29 0
8 -32 -41
11 -21 -35
9 -11 -20
-3 -11 -19
9 -10 -19
0 -8 -11
0 -15 -39
0 -19 0
1 -10 -15
3 -12 -2
3 -2 0
-19 -20 20
0 -31 -10
-5 0 -11
-2 -11 -15
0 -30 12
-5 -18 -5
-18 -11 11
-10 -9 12
-9 11 8
2 2 19
1 -2 5
8 0 -18
3 10 -41
0 -9 -15
-11 3 -40
-12 2 -40
-9 -1 -30
-19 0 -30
-29 0 -60
-19 -28 -55
-31 -31 -50
-30 -32 -30
-21 -17 -35
-22 -11 -52
-19 -20 -60
-15 -20 -60
-15 -12 -60
-29 -5 -50
-10 -7 -41
-11 5 -35
-9 15 -22
-11 13 5
12 0 30
-13 -2 -10
-22 1 0
-32 10 19
-21 9 5
-11 -8 0
18 -10 10
-13 -21 -10
-19 -29 15
-9 0 21
-12 -1 18
-10 -1 0
-17 -29 18
-39 -23 21
-22 -11 21
-18 -19 20
-19 -23 38
-23 -23 29
-28 -2 35
-8 -25 41
-10 -22 39
-20 -29 49
-19 -22 51
0 -28 61
-9 -28 62
-13 -9 61
0 1 62
-4 2 52
-1 1 61
0 -13 47
-3 -29 55
-9 -22 52
0 -30 52
-10 -21 79
-9 -21 58
-12 -25 50
-12 -20 71
-13 -29 60
-9 -19 72
-8 -21 60
-5 -40 59
1 -38 60
-7 -40 50
-11 -40 61
-3 -57 69
-3 -58 60
-9 -59 59
0 -69 60
-8 -57 68
0 -71 68
1 -81 52
-3 -90 53
-13 -90 50
-9 -99 39
-1 -91 32
0 -80 22
-1 -89 51
0 -95 32
0 -195 32
-3 -104 60
-9 -105 65
0 -90 35
0 -70 30
-8 -72 25
-15 -60 8
-14 -41 -2
-20 -47 0
-19 -45 -10
-10 -22 0
-13 -29 -3
-19 -21 0
-31 -20 -25
-23 -30 -21
-23 -45 -60
-21 -61 -51
-18 -65 -50
-19 -80 -45
-21 -82 -40
-9 -88 -16
-29 -100 -20
-29 -119 -29
-31 -92 -29
-18 -72 -9
-24 -70 -3
-12 -80 20
-11 -80 40
-9 -59 20
-11 -45 30
-12 -38 28
-8 -45 25
-9 -34 31
-9 -39 30
-12 -21 22
-23 -5 3
-32 0 -10
-27 -1 7
-39 -15 -3
-26 -9 12
-22 -11 5
-20 -32 5
-17 -22 0
-20 -9 -9
-22 -12 0
-15 1 0
-21 -10 11
-21 1 -7
-23 11 -2
-30 -11 -18
-30 -9 -10
-40 9 -2
-35 -11 -8
-37 9 -12
-28 -1 -20
-38 5 -9
-48 0 11
-41 7 0
-40 13 2
-51 25 25
-50 29 39
-30 32 32
-48 41 51
-53 32 39
-47 35 22
-39 33 32
-31 23 45
-21 23 45
-35 22 38
-19 29 32
-32 32 43
-35 39 31
-19 29 22
-9 15 10
-10 21 11
-5 39 29
-2 22 47
0 8 41
7 9 52
0 9 40
2 10 46
0 12 43
-1 22 41
-11 21 38
0 22 32
0 30 22
-8 27 12
-1 22 9
0 12 2
0 22 -1
2 28 -5
11 23 -5
3 20 8
1 39 1
9 31 5
5 19 2
7 29 -8
9 21 -38
13 5 -15
21 12 -15
21 0 -35
13 3 -42
21 9 -18
22 3 -250
18 2 -250
26 -9 -250
41 3 -250
31 15 -250
23 -12 -250
28 -12 -250
41 -19 -250
11 -19 -250
8 -11 -250
0 -29 -250
1 -22 -250
0 -38 -250
11 -22 -250
9 -19 -250
20 -32 -250
10 -31 -250
9 -28 -250
5 -30 -250
2 -45 -250
9 -27 -250
3 -41 -250
9 -50 -250
1 -51 -250
-1 -40 -250
-15 -25 -190
-7 -52 -147
-11 -47 -108
-12 -50 -61
-21 -40 -30
-10 -39 -23
0 -39 -71
0 -21 -82
